#---------------+
#  TRI PAR TAS  |
#---------------+
#
#+--------+-----------------------------+
#|        |           ordonne           |
#| Taille | Opérations     Comparaisons |
#+ -------+--------------+--------------+
       1              0               0  
       2              2               1  
       3              4               3  
       4              8               6  
       5             10               9  
       6             14              13  
       7             16              17  
       8             22              21  
       9             26              26  
      10             30              31  
      11             34              37  
      12             40              42  
      13             44              48  
      14             48              54  
      15             52              61  
      16             58              65  
      17             64              71  
      18             70              78  
      19             74              85  
      20             80              91  
      21             84              97  
      22             92             105  
      23             96             113  
      24            102             118  
      25            108             125  
      26            114             133  
      27            118             141  
      28            124             148  
      29            128             155  
      30            136             164  
      31            140             173  
      32            146             178  
      33            154             184  
      34            162             193  
      35            168             202  
      36            172             209  
      37            180             216  
      38            188             225  
      39            194             235  
      40            202             240  
      41            206             248  
      42            214             258  
      43            222             268  
      44            228             275  
      45            232             284  
      46            242             294  
      47            248             305  
      48            254             311  
      49            262             318  
      50            270             328  
      51            276             338  
      52            280             346  
      53            288             354  
      54            296             364  
      55            302             375  
      56            310             381  
      57            314             390  
      58            322             401  
      59            330             412  
      60            336             420  
      61            340             430  
      62            350             441  
      63            356             453  
      64            362             459  
      65            372             465  
      66            380             475  
      67            388             485  
      68            392             494  
      69            400             504  
      70            410             512  
      71            418             523  
      72            422             531  
      73            432             539  
      74            442             550  
      75            450             559  
      76            452             568  
      77            462             578  
      78            472             589  
      79            480             601  
      80            486             608  
      81            494             615  
      82            502             626  
      83            510             637  
      84            516             647  
      85            524             658  
      86            534             667  
      87            542             679  
      88            542             683  
      89            552             692  
      90            566             709  
      91            572             719  
      92            576             729  
      93            586             740  
      94            596             752  
      95            604             765  
      96            608             772  
      97            616             779  
      98            628             790  
      99            636             801  
     100            640             811  
     101            648             822  
     102            658             831  
     103            666             843  
     104            668             852  
     105            674             860  
     106            690             873  
     107            698             883  
     108            700             893  
     109            710             904  
     110            720             916  
     111            728             929  
     112            730             939  
     113            740             948  
     114            750             957  
     115            758             969  
     116            764             980  
     117            772             992  
     118            782            1002  
     119            790            1015  
     120            786            1023  
     121            796            1032  
     122            814            1048  
     123            820            1059  
     124            824            1070  
     125            834            1082  
     126            844            1095  
     127            852            1109  
     128            850            1116  
     129            860            1129  
     130            878            1133  
     131            888            1145  
     132            896            1154  
     133            904            1165  
     134            912            1176  
     135            920            1185  
     136            930            1195  
     137            936            1204  
     138            948            1218  
     139            956            1229  
     140            966            1238  
     141            972            1249  
     142            982            1258  
     143            992            1273  
     144            996            1280  
     145           1006            1292  
     146           1016            1301  
     147           1026            1315  
     148           1036            1326  
     149           1042            1336  
     150           1054            1349  
     151           1060            1358  
     152           1064            1365  
     153           1072            1376  
     154           1090            1394  
     155           1096            1407  
     156           1104            1415  
     157           1112            1428  
     158           1120            1439  
     159           1132            1454  
     160           1136            1458  
     161           1142            1468  
     162           1156            1484  
     163           1164            1494  
     164           1174            1505  
     165           1184            1516  
     166           1194            1527  
     167           1200            1542  
     168           1208            1547  
     169           1214            1558  
     170           1228            1574  
     171           1234            1585  
     172           1246            1599  
     173           1250            1608  
     174           1262            1622  
     175           1272            1636  
     176           1274            1641  
     177           1284            1654  
     178           1296            1665  
     179           1304            1682  
     180           1314            1690  
     181           1322            1704  
     182           1332            1716  
     183           1338            1727  
     184           1344            1738  
     185           1352            1750  
     186           1368            1764  
     187           1374            1779  
     188           1382            1789  
     189           1390            1802  
     190           1400            1815  
     191           1410            1831  
     192           1412            1834  
     193           1420            1846  
     194           1434            1862  
     195           1440            1871  
     196           1452            1879  
     197           1462            1892  
     198           1470            1905  
     199           1480            1915  
     200           1488            1931  
     201           1494            1936  
     202           1504            1953  
     203           1512            1964  
     204           1520            1974  
     205           1532            1989  
     206           1540            2000  
     207           1550            2016  
     208           1554            2022  
     209           1564            2037  
     210           1576            2047  
     211           1582            2061  
     212           1594            2073  
     213           1602            2082  
     214           1612            2098  
     215           1618            2109  
     216           1620            2115  
     217           1632            2128  
     218           1648            2145  
     219           1654            2160  
     220           1662            2171  
     221           1672            2182  
     222           1676            2195  
     223           1690            2213  
     224           1690            2213  
     225           1702            2230  
     226           1714            2246  
     227           1724            2256  
     228           1734            2267  
     229           1740            2280  
     230           1750            2291  
     231           1760            2306  
     232           1766            2314  
     233           1774            2325  
     234           1784            2341  
     235           1792            2357  
     236           1806            2370  
     237           1808            2382  
     238           1820            2396  
     239           1830            2411  
     240           1832            2415  
     241           1842            2431  
     242           1856            2441  
     243           1862            2461  
     244           1874            2470  
     245           1882            2482  
     246           1892            2498  
     247           1896            2511  
     248           1900            2522  
     249           1910            2533  
     250           1928            2548  
     251           1932            2564  
     252           1940            2578  
     253           1950            2588  
     254           1958            2606  
     255           1968            2623  
     256           1972            2625  
     257           1978            2634  
     258           1994            2650  
     259           2008            2662  
     260           2014            2672  
     261           2022            2682  
     262           2038            2698  
     263           2044            2706  
     264           2046            2717  
     265           2062            2729  
     266           2076            2738  
     267           2082            2753  
     268           2088            2765  
     269           2104            2781  
     270           2110            2791  
     271           2120            2799  
     272           2128            2809  
     273           2138            2819  
     274           2150            2833  
     275           2160            2842  
     276           2166            2856  
     277           2180            2867  
     278           2190            2881  
     279           2198            2894  
     280           2206            2904  
     281           2216            2920  
     282           2228            2936  
     283           2240            2942  
     284           2244            2956  
     285           2256            2966  
     286           2266            2983  
     287           2280            3001  
     288           2284            3007  
     289           2288            3014  
     290           2308            3035  
     291           2314            3044  
     292           2330            3057  
     293           2340            3072  
     294           2348            3081  
     295           2358            3091  
     296           2360            3101  
     297           2368            3113  
     298           2384            3123  
     299           2396            3141  
     300           2410            3151  
     301           2420            3168  
     302           2426            3179  
     303           2436            3194  
     304           2432            3203  
     305           2444            3212  
     306           2466            3230  
     307           2472            3242  
     308           2482            3255  
     309           2498            3270  
     310           2506            3285  
     311           2514            3299  
     312           2516            3307  
     313           2528            3323  
     314           2544            3341  
     315           2550            3350  
     316           2562            3363  
     317           2576            3377  
     318           2586            3395  
     319           2592            3411  
     320           2590            3416  
     321           2598            3426  
     322           2616            3437  
     323           2628            3456  
     324           2638            3467  
     325           2654            3478  
     326           2662            3492  
     327           2670            3503  
     328           2666            3512  
     329           2684            3526  
     330           2698            3538  
     331           2704            3552  
     332           2718            3562  
     333           2730            3576  
     334           2738            3591  
     335           2750            3607  
     336           2752            3614  
     337           2758            3625  
     338           2780            3644  
     339           2786            3651  
     340           2802            3669  
     341           2808            3678  
     342           2822            3697  
     343           2828            3708  
     344           2822            3719  
     345           2842            3733  
     346           2856            3753  
     347           2864            3759  
     348           2876            3775  
     349           2888            3788  
     350           2898            3807  
     351           2904            3819  
     352           2904            3824  
     353           2910            3831  
     354           2932            3855  
     355           2936            3866  
     356           2958            3883  
     357           2966            3893  
     358           2974            3908  
     359           2986            3920  
     360           2980            3926  
     361           2994            3942  
     362           3010            3959  
     363           3022            3967  
     364           3032            3985  
     365           3042            3997  
     366           3056            4018  
     367           3060            4028  
     368           3058            4036  
     369           3070            4050  
     370           3090            4066  
     371           3100            4083  
     372           3106            4094  
     373           3122            4111  
     374           3128            4125  
     375           3138            4140  
     376           3140            4151  
     377           3154            4167  
     378           3170            4188  
     379           3176            4192  
     380           3190            4211  
     381           3198            4224  
     382           3206            4245  
     383           3212            4259  
     384           3210            4263  
     385           3224            4281  
     386           3238            4291  
     387           3252            4308  
     388           3262            4316  
     389           3276            4329  
     390           3282            4343  
     391           3286            4352  
     392           3298            4365  
     393           3306            4381  
     394           3318            4393  
     395           3328            4406  
     396           3342            4414  
     397           3354            4430  
     398           3358            4442  
     399           3370            4455  
     400           3372            4474  
     401           3386            4482  
     402           3398            4492  
     403           3400            4502  
     404           3412            4517  
     405           3428            4535  
     406           3440            4547  
     407           3448            4559  
     408           3454            4572  
     409           3460            4582  
     410           3476            4604  
     411           3480            4610  
     412           3494            4628  
     413           3504            4638  
     414           3516            4653  
     415           3528            4679  
     416           3526            4679  
     417           3534            4687  
     418           3556            4709  
     419           3560            4720  
     420           3578            4735  
     421           3586            4747  
     422           3596            4761  
     423           3604            4771  
     424           3608            4787  
     425           3616            4795  
     426           3632            4811  
     427           3640            4821  
     428           3652            4838  
     429           3662            4854  
     430           3674            4867  
     431           3682            4885  
     432           3684            4894  
     433           3692            4904  
     434           3706            4921  
     435           3718            4937  
     436           3728            4956  
     437           3744            4965  
     438           3752            4980  
     439           3760            4997  
     440           3762            5001  
     441           3772            5019  
     442           3790            5039  
     443           3796            5047  
     444           3808            5062  
     445           3820            5082  
     446           3830            5101  
     447           3840            5112  
     448           3840            5125  
     449           3850            5135  
     450           3862            5151  
     451           3872            5164  
     452           3882            5179  
     453           3894            5187  
     454           3908            5202  
     455           3912            5213  
     456           3918            5228  
     457           3932            5243  
     458           3940            5252  
     459           3952            5270  
     460           3964            5278  
     461           3976            5299  
     462           3984            5311  
     463           3992            5327  
     464           4000            5340  
     465           4004            5345  
     466           4024            5366  
     467           4034            5377  
     468           4040            5394  
     469           4054            5410  
     470           4064            5423  
     471           4066            5436  
     472           4070            5445  
     473           4086            5458  
     474           4100            5480  
     475           4112            5494  
     476           4120            5511  
     477           4130            5521  
     478           4138            5539  
     479           4154            5558  
     480           4156            5572  
     481           4160            5577  
     482           4178            5593  
     483           4186            5612  
     484           4200            5626  
     485           4212            5637  
     486           4222            5654  
     487           4226            5668  
     488           4234            5682  
     489           4246            5695  
     490           4258            5709  
     491           4266            5720  
     492           4282            5738  
     493           4288            5752  
     494           4298            5771  
     495           4304            5784  
     496           4310            5797  
     497           4320            5812  
     498           4336            5825  
     499           4348            5844  
     500           4354            5855  
     501           4362            5870  
     502           4376            5888  
     503           4378            5898  
     504           4388            5917  
     505           4400            5932  
     506           4412            5949  
     507           4426            5962  
     508           4438            5977  
     509           4444            5995  
     510           4450            6015  
     511           4456            6034  
     512           4464            6039  
#+ -------+--------------+--------------+--------------+--------------+--------------+--------------+
