#---------------+
#  TRI PAR TAS  |
#---------------+
#
#+--------+-----------------------------+
#|        |           aleatoire           |
#| Taille | Opérations     Comparaisons |
#+ -------+--------------+--------------+
       1              0               0  
       2              2               1  
       3              3               2  
       4              7               6  
       5             10               9  
       6             13              11  
       7             14              13  
       8             19              17  
       9             23              25  
      10             27              26  
      11             33              32  
      12             34              36  
      13             42              46  
      14             45              47  
      15             48              55  
      16             53              56  
      17             57              62  
      18             64              73  
      19             70              79  
      20             73              87  
      21             77              91  
      22             84              98  
      23             87              96  
      24             98             109  
      25             97             120  
      26            102             113  
      27            104             118  
      28            116             140  
      29            115             138  
      30            126             159  
      31            126             153  
      32            133             163  
      33            146             169  
      34            148             180  
      35            149             186  
      36            153             193  
      37            164             201  
      38            169             209  
      39            172             212  
      40            180             223  
      41            185             219  
      42            194             235  
      43            200             251  
      44            205             258  
      45            218             267  
      46            226             276  
      47            227             281  
      48            230             291  
      49            237             299  
      50            242             307  
      51            250             311  
      52            259             327  
      53            258             334  
      54            271             316  
      55            264             332  
      56            280             353  
      57            287             367  
      58            279             353  
      59            297             379  
      60            313             394  
      61            313             397  
      62            317             394  
      63            324             404  
      64            328             420  
      65            333             430  
      66            339             435  
      67            353             451  
      68            361             456  
      69            357             463  
      70            366             462  
      71            389             496  
      72            382             481  
      73            378             486  
      74            402             512  
      75            412             528  
      76            407             534  
      77            421             530  
      78            421             549  
      79            429             557  
      80            435             561  
      81            450             586  
      82            462             597  
      83            459             579  
      84            467             588  
      85            484             608  
      86            488             620  
      87            487             633  
      88            505             642  
      89            512             662  
      90            509             638  
      91            518             660  
      92            527             681  
      93            530             691  
      94            526             684  
      95            535             705  
      96            551             722  
      97            548             712  
      98            556             740  
      99            555             720  
     100            585             739  
     101            589             756  
     102            596             765  
     103            603             771  
     104            613             777  
     105            626             798  
     106            623             813  
     107            634             816  
     108            640             820  
     109            652             839  
     110            662             866  
     111            643             840  
     112            668             892  
     113            683             890  
     114            684             884  
     115            694             884  
     116            698             913  
     117            707             935  
     118            711             955  
     119            706             947  
     120            734             960  
     121            740             974  
     122            734             961  
     123            729             976  
     124            761             993  
     125            776            1005  
     126            771            1022  
     127            783            1006  
     128            788            1037  
     129            798            1048  
     130            801            1037  
     131            815            1061  
     132            801            1055  
     133            821            1071  
     134            827            1094  
     135            851            1104  
     136            862            1120  
     137            852            1131  
     138            865            1141  
     139            877            1150  
     140            881            1160  
     141            875            1146  
     142            888            1163  
     143            895            1196  
     144            922            1228  
     145            929            1215  
     146            937            1244  
     147            930            1219  
     148            935            1223  
     149            949            1266  
     150            959            1236  
     151            969            1268  
     152            968            1288  
     153            979            1281  
     154            984            1282  
     155           1003            1309  
     156           1010            1307  
     157           1011            1326  
     158           1021            1345  
     159           1033            1363  
     160           1016            1355  
     161           1049            1383  
     162           1051            1380  
     163           1063            1376  
     164           1084            1418  
     165           1070            1408  
     166           1080            1402  
     167           1088            1453  
     168           1102            1443  
     169           1121            1465  
     170           1112            1445  
     171           1112            1478  
     172           1121            1474  
     173           1143            1499  
     174           1146            1533  
     175           1153            1527  
     176           1147            1523  
     177           1165            1549  
     178           1173            1532  
     179           1200            1586  
     180           1183            1563  
     181           1205            1593  
     182           1207            1572  
     183           1212            1616  
     184           1232            1618  
     185           1220            1616  
     186           1242            1652  
     187           1258            1667  
     188           1267            1670  
     189           1272            1678  
     190           1292            1694  
     191           1262            1681  
     192           1290            1698  
     193           1291            1706  
     194           1310            1735  
     195           1314            1758  
     196           1332            1781  
     197           1340            1762  
     198           1325            1777  
     199           1340            1798  
     200           1365            1806  
     201           1369            1813  
     202           1377            1826  
     203           1385            1838  
     204           1379            1809  
     205           1407            1859  
     206           1412            1886  
     207           1416            1873  
     208           1408            1871  
     209           1446            1919  
     210           1441            1920  
     211           1449            1922  
     212           1454            1921  
     213           1469            1921  
     214           1450            1941  
     215           1476            1953  
     216           1508            2005  
     217           1505            2006  
     218           1492            2000  
     219           1506            1996  
     220           1516            2053  
     221           1543            2039  
     222           1535            2035  
     223           1535            2045  
     224           1559            2072  
     225           1574            2079  
     226           1554            2112  
     227           1573            2093  
     228           1590            2168  
     229           1595            2126  
     230           1586            2137  
     231           1626            2180  
     232           1626            2178  
     233           1627            2173  
     234           1633            2185  
     235           1656            2202  
     236           1655            2203  
     237           1666            2240  
     238           1674            2247  
     239           1684            2273  
     240           1699            2257  
     241           1708            2292  
     242           1688            2261  
     243           1685            2281  
     244           1730            2304  
     245           1714            2303  
     246           1750            2345  
     247           1738            2350  
     248           1771            2362  
     249           1781            2373  
     250           1758            2353  
     251           1794            2372  
     252           1758            2409  
     253           1804            2392  
     254           1813            2447  
     255           1836            2445  
     256           1813            2457  
     257           1804            2456  
     258           1826            2463  
     259           1858            2474  
     260           1862            2469  
     261           1852            2474  
     262           1882            2525  
     263           1858            2518  
     264           1885            2523  
     265           1890            2527  
     266           1937            2559  
     267           1920            2556  
     268           1931            2600  
     269           1952            2596  
     270           1944            2588  
     271           1952            2627  
     272           1983            2636  
     273           1979            2654  
     274           2002            2670  
     275           1985            2678  
     276           1992            2675  
     277           1993            2680  
     278           2022            2735  
     279           2007            2671  
     280           2017            2727  
     281           2042            2740  
     282           2056            2765  
     283           2050            2772  
     284           2043            2746  
     285           2090            2807  
     286           2107            2825  
     287           2102            2832  
     288           2140            2816  
     289           2106            2820  
     290           2135            2845  
     291           2129            2841  
     292           2127            2872  
     293           2166            2871  
     294           2151            2872  
     295           2150            2884  
     296           2207            2923  
     297           2186            2923  
     298           2199            2957  
     299           2161            2909  
     300           2205            2956  
     301           2213            2967  
     302           2242            2960  
     303           2237            3009  
     304           2233            3007  
     305           2232            3014  
     306           2246            3014  
     307           2258            3048  
     308           2296            3074  
     309           2296            3090  
     310           2301            3077  
     311           2312            3101  
     312           2304            3082  
     313           2342            3114  
     314           2333            3128  
     315           2338            3150  
     316           2369            3161  
     317           2368            3166  
     318           2383            3206  
     319           2359            3186  
     320           2374            3211  
     321           2398            3229  
     322           2411            3249  
     323           2436            3233  
     324           2388            3210  
     325           2412            3252  
     326           2438            3285  
     327           2465            3303  
     328           2492            3338  
     329           2488            3321  
     330           2488            3311  
     331           2496            3390  
     332           2507            3327  
     333           2512            3370  
     334           2505            3366  
     335           2545            3396  
     336           2545            3408  
     337           2553            3428  
     338           2527            3404  
     339           2585            3427  
     340           2575            3425  
     341           2573            3413  
     342           2599            3477  
     343           2603            3489  
     344           2597            3518  
     345           2607            3494  
     346           2636            3521  
     347           2622            3502  
     348           2651            3557  
     349           2650            3567  
     350           2666            3578  
     351           2670            3600  
     352           2685            3600  
     353           2692            3637  
     354           2668            3567  
     355           2687            3661  
     356           2694            3614  
     357           2712            3644  
     358           2749            3668  
     359           2733            3667  
     360           2733            3689  
     361           2748            3664  
     362           2772            3725  
     363           2748            3708  
     364           2804            3764  
     365           2774            3770  
     366           2809            3770  
     367           2823            3781  
     368           2820            3807  
     369           2832            3795  
     370           2847            3811  
     371           2874            3869  
     372           2871            3884  
     373           2867            3815  
     374           2887            3846  
     375           2888            3879  
     376           2910            3919  
     377           2908            3911  
     378           2934            3942  
     379           2917            3939  
     380           2939            3992  
     381           2952            3981  
     382           2952            3999  
     383           2949            3995  
     384           2956            4029  
     385           2991            4038  
     386           2999            4057  
     387           2973            4029  
     388           2999            4036  
     389           3021            4071  
     390           3018            4060  
     391           3029            4070  
     392           3060            4111  
     393           3047            4112  
     394           3084            4150  
     395           3086            4145  
     396           3075            4141  
     397           3093            4150  
     398           3091            4181  
     399           3124            4171  
     400           3099            4213  
     401           3112            4197  
     402           3144            4254  
     403           3152            4242  
     404           3129            4258  
     405           3141            4311  
     406           3169            4292  
     407           3190            4285  
     408           3186            4294  
     409           3185            4319  
     410           3206            4315  
     411           3221            4357  
     412           3199            4332  
     413           3218            4380  
     414           3231            4372  
     415           3262            4429  
     416           3264            4403  
     417           3271            4407  
     418           3303            4445  
     419           3279            4411  
     420           3296            4447  
     421           3329            4476  
     422           3311            4453  
     423           3309            4452  
     424           3344            4506  
     425           3327            4500  
     426           3378            4569  
     427           3361            4557  
     428           3391            4584  
     429           3368            4548  
     430           3413            4607  
     431           3386            4594  
     432           3424            4621  
     433           3432            4640  
     434           3418            4612  
     435           3428            4613  
     436           3445            4667  
     437           3448            4663  
     438           3467            4674  
     439           3487            4685  
     440           3476            4706  
     441           3497            4724  
     442           3493            4760  
     443           3522            4741  
     444           3515            4741  
     445           3512            4772  
     446           3568            4806  
     447           3549            4827  
     448           3594            4804  
     449           3622            4858  
     450           3586            4877  
     451           3593            4837  
     452           3636            4889  
     453           3634            4883  
     454           3597            4878  
     455           3608            4925  
     456           3637            4935  
     457           3627            4935  
     458           3647            4907  
     459           3650            4914  
     460           3692            5005  
     461           3639            4938  
     462           3706            5023  
     463           3694            4979  
     464           3705            5045  
     465           3702            5032  
     466           3719            5042  
     467           3752            5095  
     468           3768            5063  
     469           3768            5136  
     470           3737            5094  
     471           3747            5107  
     472           3795            5149  
     473           3808            5174  
     474           3797            5154  
     475           3816            5190  
     476           3841            5240  
     477           3818            5185  
     478           3852            5220  
     479           3868            5235  
     480           3866            5240  
     481           3846            5228  
     482           3857            5252  
     483           3906            5298  
     484           3878            5270  
     485           3931            5342  
     486           3896            5306  
     487           3902            5306  
     488           3950            5372  
     489           3948            5362  
     490           3920            5360  
     491           3964            5382  
     492           3967            5384  
     493           3975            5391  
     494           3992            5431  
     495           4010            5437  
     496           4010            5453  
     497           4018            5444  
     498           4012            5450  
     499           4034            5480  
     500           4060            5529  
     501           4048            5495  
     502           4044            5554  
     503           4046            5556  
     504           4089            5558  
     505           4123            5621  
     506           4115            5611  
     507           4117            5626  
     508           4127            5650  
     509           4129            5633  
     510           4136            5651  
     511           4124            5611  
     512           4174            5676  
#+ -------+--------------+--------------+--------------+--------------+--------------+--------------+
