#-----------------+
#  TRI INSERTION  |
#-----------------+
#
#+--------+-----------------------------+
#|        |           inverse           |
#| Taille | Opérations     Comparaisons |
#+ -------+--------------+--------------+
       1              0               0  
       2              3               1  
       3              7               3  
       4             12               6  
       5             18              10  
       6             25              15  
       7             33              21  
       8             42              28  
       9             52              36  
      10             63              45  
      11             75              55  
      12             88              66  
      13            102              78  
      14            117              91  
      15            133             105  
      16            150             120  
      17            168             136  
      18            187             153  
      19            207             171  
      20            228             190  
      21            250             210  
      22            273             231  
      23            297             253  
      24            322             276  
      25            348             300  
      26            375             325  
      27            403             351  
      28            432             378  
      29            462             406  
      30            493             435  
      31            525             465  
      32            558             496  
      33            592             528  
      34            627             561  
      35            663             595  
      36            700             630  
      37            738             666  
      38            777             703  
      39            817             741  
      40            858             780  
      41            900             820  
      42            943             861  
      43            987             903  
      44           1032             946  
      45           1078             990  
      46           1125            1035  
      47           1173            1081  
      48           1222            1128  
      49           1272            1176  
      50           1323            1225  
      51           1375            1275  
      52           1428            1326  
      53           1482            1378  
      54           1537            1431  
      55           1593            1485  
      56           1650            1540  
      57           1708            1596  
      58           1767            1653  
      59           1827            1711  
      60           1888            1770  
      61           1950            1830  
      62           2013            1891  
      63           2077            1953  
      64           2142            2016  
      65           2208            2080  
      66           2275            2145  
      67           2343            2211  
      68           2412            2278  
      69           2482            2346  
      70           2553            2415  
      71           2625            2485  
      72           2698            2556  
      73           2772            2628  
      74           2847            2701  
      75           2923            2775  
      76           3000            2850  
      77           3078            2926  
      78           3157            3003  
      79           3237            3081  
      80           3318            3160  
      81           3400            3240  
      82           3483            3321  
      83           3567            3403  
      84           3652            3486  
      85           3738            3570  
      86           3825            3655  
      87           3913            3741  
      88           4002            3828  
      89           4092            3916  
      90           4183            4005  
      91           4275            4095  
      92           4368            4186  
      93           4462            4278  
      94           4557            4371  
      95           4653            4465  
      96           4750            4560  
      97           4848            4656  
      98           4947            4753  
      99           5047            4851  
     100           5148            4950  
     101           5250            5050  
     102           5353            5151  
     103           5457            5253  
     104           5562            5356  
     105           5668            5460  
     106           5775            5565  
     107           5883            5671  
     108           5992            5778  
     109           6102            5886  
     110           6213            5995  
     111           6325            6105  
     112           6438            6216  
     113           6552            6328  
     114           6667            6441  
     115           6783            6555  
     116           6900            6670  
     117           7018            6786  
     118           7137            6903  
     119           7257            7021  
     120           7378            7140  
     121           7500            7260  
     122           7623            7381  
     123           7747            7503  
     124           7872            7626  
     125           7998            7750  
     126           8125            7875  
     127           8253            8001  
     128           8382            8128  
     129           8512            8256  
     130           8643            8385  
     131           8775            8515  
     132           8908            8646  
     133           9042            8778  
     134           9177            8911  
     135           9313            9045  
     136           9450            9180  
     137           9588            9316  
     138           9727            9453  
     139           9867            9591  
     140          10008            9730  
     141          10150            9870  
     142          10293           10011  
     143          10437           10153  
     144          10582           10296  
     145          10728           10440  
     146          10875           10585  
     147          11023           10731  
     148          11172           10878  
     149          11322           11026  
     150          11473           11175  
     151          11625           11325  
     152          11778           11476  
     153          11932           11628  
     154          12087           11781  
     155          12243           11935  
     156          12400           12090  
     157          12558           12246  
     158          12717           12403  
     159          12877           12561  
     160          13038           12720  
     161          13200           12880  
     162          13363           13041  
     163          13527           13203  
     164          13692           13366  
     165          13858           13530  
     166          14025           13695  
     167          14193           13861  
     168          14362           14028  
     169          14532           14196  
     170          14703           14365  
     171          14875           14535  
     172          15048           14706  
     173          15222           14878  
     174          15397           15051  
     175          15573           15225  
     176          15750           15400  
     177          15928           15576  
     178          16107           15753  
     179          16287           15931  
     180          16468           16110  
     181          16650           16290  
     182          16833           16471  
     183          17017           16653  
     184          17202           16836  
     185          17388           17020  
     186          17575           17205  
     187          17763           17391  
     188          17952           17578  
     189          18142           17766  
     190          18333           17955  
     191          18525           18145  
     192          18718           18336  
     193          18912           18528  
     194          19107           18721  
     195          19303           18915  
     196          19500           19110  
     197          19698           19306  
     198          19897           19503  
     199          20097           19701  
     200          20298           19900  
     201          20500           20100  
     202          20703           20301  
     203          20907           20503  
     204          21112           20706  
     205          21318           20910  
     206          21525           21115  
     207          21733           21321  
     208          21942           21528  
     209          22152           21736  
     210          22363           21945  
     211          22575           22155  
     212          22788           22366  
     213          23002           22578  
     214          23217           22791  
     215          23433           23005  
     216          23650           23220  
     217          23868           23436  
     218          24087           23653  
     219          24307           23871  
     220          24528           24090  
     221          24750           24310  
     222          24973           24531  
     223          25197           24753  
     224          25422           24976  
     225          25648           25200  
     226          25875           25425  
     227          26103           25651  
     228          26332           25878  
     229          26562           26106  
     230          26793           26335  
     231          27025           26565  
     232          27258           26796  
     233          27492           27028  
     234          27727           27261  
     235          27963           27495  
     236          28200           27730  
     237          28438           27966  
     238          28677           28203  
     239          28917           28441  
     240          29158           28680  
     241          29400           28920  
     242          29643           29161  
     243          29887           29403  
     244          30132           29646  
     245          30378           29890  
     246          30625           30135  
     247          30873           30381  
     248          31122           30628  
     249          31372           30876  
     250          31623           31125  
     251          31875           31375  
     252          32128           31626  
     253          32382           31878  
     254          32637           32131  
     255          32893           32385  
     256          33150           32640  
     257          33408           32896  
     258          33667           33153  
     259          33927           33411  
     260          34188           33670  
     261          34450           33930  
     262          34713           34191  
     263          34977           34453  
     264          35242           34716  
     265          35508           34980  
     266          35775           35245  
     267          36043           35511  
     268          36312           35778  
     269          36582           36046  
     270          36853           36315  
     271          37125           36585  
     272          37398           36856  
     273          37672           37128  
     274          37947           37401  
     275          38223           37675  
     276          38500           37950  
     277          38778           38226  
     278          39057           38503  
     279          39337           38781  
     280          39618           39060  
     281          39900           39340  
     282          40183           39621  
     283          40467           39903  
     284          40752           40186  
     285          41038           40470  
     286          41325           40755  
     287          41613           41041  
     288          41902           41328  
     289          42192           41616  
     290          42483           41905  
     291          42775           42195  
     292          43068           42486  
     293          43362           42778  
     294          43657           43071  
     295          43953           43365  
     296          44250           43660  
     297          44548           43956  
     298          44847           44253  
     299          45147           44551  
     300          45448           44850  
     301          45750           45150  
     302          46053           45451  
     303          46357           45753  
     304          46662           46056  
     305          46968           46360  
     306          47275           46665  
     307          47583           46971  
     308          47892           47278  
     309          48202           47586  
     310          48513           47895  
     311          48825           48205  
     312          49138           48516  
     313          49452           48828  
     314          49767           49141  
     315          50083           49455  
     316          50400           49770  
     317          50718           50086  
     318          51037           50403  
     319          51357           50721  
     320          51678           51040  
     321          52000           51360  
     322          52323           51681  
     323          52647           52003  
     324          52972           52326  
     325          53298           52650  
     326          53625           52975  
     327          53953           53301  
     328          54282           53628  
     329          54612           53956  
     330          54943           54285  
     331          55275           54615  
     332          55608           54946  
     333          55942           55278  
     334          56277           55611  
     335          56613           55945  
     336          56950           56280  
     337          57288           56616  
     338          57627           56953  
     339          57967           57291  
     340          58308           57630  
     341          58650           57970  
     342          58993           58311  
     343          59337           58653  
     344          59682           58996  
     345          60028           59340  
     346          60375           59685  
     347          60723           60031  
     348          61072           60378  
     349          61422           60726  
     350          61773           61075  
     351          62125           61425  
     352          62478           61776  
     353          62832           62128  
     354          63187           62481  
     355          63543           62835  
     356          63900           63190  
     357          64258           63546  
     358          64617           63903  
     359          64977           64261  
     360          65338           64620  
     361          65700           64980  
     362          66063           65341  
     363          66427           65703  
     364          66792           66066  
     365          67158           66430  
     366          67525           66795  
     367          67893           67161  
     368          68262           67528  
     369          68632           67896  
     370          69003           68265  
     371          69375           68635  
     372          69748           69006  
     373          70122           69378  
     374          70497           69751  
     375          70873           70125  
     376          71250           70500  
     377          71628           70876  
     378          72007           71253  
     379          72387           71631  
     380          72768           72010  
     381          73150           72390  
     382          73533           72771  
     383          73917           73153  
     384          74302           73536  
     385          74688           73920  
     386          75075           74305  
     387          75463           74691  
     388          75852           75078  
     389          76242           75466  
     390          76633           75855  
     391          77025           76245  
     392          77418           76636  
     393          77812           77028  
     394          78207           77421  
     395          78603           77815  
     396          79000           78210  
     397          79398           78606  
     398          79797           79003  
     399          80197           79401  
     400          80598           79800  
     401          81000           80200  
     402          81403           80601  
     403          81807           81003  
     404          82212           81406  
     405          82618           81810  
     406          83025           82215  
     407          83433           82621  
     408          83842           83028  
     409          84252           83436  
     410          84663           83845  
     411          85075           84255  
     412          85488           84666  
     413          85902           85078  
     414          86317           85491  
     415          86733           85905  
     416          87150           86320  
     417          87568           86736  
     418          87987           87153  
     419          88407           87571  
     420          88828           87990  
     421          89250           88410  
     422          89673           88831  
     423          90097           89253  
     424          90522           89676  
     425          90948           90100  
     426          91375           90525  
     427          91803           90951  
     428          92232           91378  
     429          92662           91806  
     430          93093           92235  
     431          93525           92665  
     432          93958           93096  
     433          94392           93528  
     434          94827           93961  
     435          95263           94395  
     436          95700           94830  
     437          96138           95266  
     438          96577           95703  
     439          97017           96141  
     440          97458           96580  
     441          97900           97020  
     442          98343           97461  
     443          98787           97903  
     444          99232           98346  
     445          99678           98790  
     446         100125           99235  
     447         100573           99681  
     448         101022          100128  
     449         101472          100576  
     450         101923          101025  
     451         102375          101475  
     452         102828          101926  
     453         103282          102378  
     454         103737          102831  
     455         104193          103285  
     456         104650          103740  
     457         105108          104196  
     458         105567          104653  
     459         106027          105111  
     460         106488          105570  
     461         106950          106030  
     462         107413          106491  
     463         107877          106953  
     464         108342          107416  
     465         108808          107880  
     466         109275          108345  
     467         109743          108811  
     468         110212          109278  
     469         110682          109746  
     470         111153          110215  
     471         111625          110685  
     472         112098          111156  
     473         112572          111628  
     474         113047          112101  
     475         113523          112575  
     476         114000          113050  
     477         114478          113526  
     478         114957          114003  
     479         115437          114481  
     480         115918          114960  
     481         116400          115440  
     482         116883          115921  
     483         117367          116403  
     484         117852          116886  
     485         118338          117370  
     486         118825          117855  
     487         119313          118341  
     488         119802          118828  
     489         120292          119316  
     490         120783          119805  
     491         121275          120295  
     492         121768          120786  
     493         122262          121278  
     494         122757          121771  
     495         123253          122265  
     496         123750          122760  
     497         124248          123256  
     498         124747          123753  
     499         125247          124251  
     500         125748          124750  
     501         126250          125250  
     502         126753          125751  
     503         127257          126253  
     504         127762          126756  
     505         128268          127260  
     506         128775          127765  
     507         129283          128271  
     508         129792          128778  
     509         130302          129286  
     510         130813          129795  
     511         131325          130305  
     512         131838          130816  
#+ -------+--------------+--------------+--------------+--------------+--------------+--------------+
