#-----------------+
#  TRI INSERTION  |
#-----------------+
#
#+--------+-----------------------------+
#|        |           aleatoire           |
#| Taille | Opérations     Comparaisons |
#+ -------+--------------+--------------+
       1              0               0  
       2              2               1  
       3              4               2  
       4              7               3  
       5             15              10  
       6             15               9  
       7             26              19  
       8             28              20  
       9             33              23  
      10             41              31  
      11             52              40  
      12             40              29  
      13             63              49  
      14             74              57  
      15             81              62  
      16             90              73  
      17            113              93  
      18            108              86  
      19            118              98  
      20            134             112  
      21            139             117  
      22            141             117  
      23            189             164  
      24            185             158  
      25            213             187  
      26            201             171  
      27            221             193  
      28            258             229  
      29            303             271  
      30            251             219  
      31            305             273  
      32            293             259  
      33            308             272  
      34            347             310  
      35            337             297  
      36            468             429  
      37            396             356  
      38            455             415  
      39            448             407  
      40            434             393  
      41            488             445  
      42            612             568  
      43            624             580  
      44            480             433  
      45            550             502  
      46            539             490  
      47            635             585  
      48            611             562  
      49            685             634  
      50            633             580  
      51            764             712  
      52            745             691  
      53            783             725  
      54            938             880  
      55            926             868  
      56            928             870  
      57            953             892  
      58            854             795  
      59            988             925  
      60            964             904  
      61           1091            1025  
      62           1120            1056  
      63           1160            1095  
      64           1074            1010  
      65           1144            1078  
      66           1140            1073  
      67           1269            1202  
      68           1293            1224  
      69           1155            1085  
      70           1213            1141  
      71           1284            1211  
      72           1546            1469  
      73           1355            1282  
      74           1520            1442  
      75           1547            1469  
      76           1681            1602  
      77           1455            1377  
      78           1658            1580  
      79           1519            1437  
      80           1623            1539  
      81           1635            1549  
      82           1795            1711  
      83           2094            2008  
      84           1774            1685  
      85           2050            1963  
      86           1920            1834  
      87           1835            1746  
      88           2184            2093  
      89           2194            2102  
      90           2095            2000  
      91           2364            2268  
      92           2116            2019  
      93           2285            2188  
      94           2466            2370  
      95           2201            2104  
      96           2413            2313  
      97           2401            2304  
      98           2440            2339  
      99           2807            2705  
     100           2529            2424  
     101           2565            2462  
     102           2750            2647  
     103           2807            2700  
     104           2874            2768  
     105           2914            2803  
     106           2838            2731  
     107           3067            2955  
     108           3277            3166  
     109           3027            2913  
     110           3153            3040  
     111           3084            2970  
     112           2994            2880  
     113           3473            3358  
     114           3353            3235  
     115           3560            3443  
     116           3524            3406  
     117           3754            3635  
     118           4015            3896  
     119           3709            3587  
     120           4253            4130  
     121           3787            3662  
     122           3725            3598  
     123           4061            3933  
     124           3878            3752  
     125           4213            4087  
     126           4347            4213  
     127           3736            3607  
     128           4143            4008  
     129           4605            4470  
     130           4579            4444  
     131           4405            4273  
     132           4577            4442  
     133           4123            3989  
     134           4778            4640  
     135           4843            4703  
     136           4979            4842  
     137           5011            4869  
     138           4891            4749  
     139           5300            5155  
     140           5052            4911  
     141           5315            5172  
     142           5130            4986  
     143           5560            5412  
     144           5087            4936  
     145           5348            5200  
     146           5795            5642  
     147           6223            6070  
     148           5820            5668  
     149           5840            5688  
     150           5848            5696  
     151           6079            5923  
     152           5367            5215  
     153           6015            5857  
     154           5599            5445  
     155           6226            6070  
     156           6227            6065  
     157           7053            6895  
     158           6487            6325  
     159           6570            6404  
     160           7242            7078  
     161           6697            6527  
     162           6440            6274  
     163           7260            7094  
     164           6977            6812  
     165           6307            6138  
     166           7226            7056  
     167           6945            6776  
     168           7377            7205  
     169           7953            7782  
     170           7938            7766  
     171           8038            7863  
     172           7980            7804  
     173           7713            7534  
     174           8221            8042  
     175           7732            7553  
     176           8249            8070  
     177           8424            8243  
     178           8859            8676  
     179           7910            7729  
     180           8008            7824  
     181           8623            8442  
     182           8734            8543  
     183           8447            8257  
     184           8543            8357  
     185           9501            9309  
     186           8335            8148  
     187           9554            9360  
     188           9113            8924  
     189           9652            9464  
     190           8919            8723  
     191           8998            8805  
     192           9447            9249  
     193          10651           10457  
     194          10109            9911  
     195           9540            9343  
     196          10733           10533  
     197           9476            9277  
     198          10193            9987  
     199          10040            9839  
     200           9911            9707  
     201          10439           10233  
     202          10771           10566  
     203          11248           11041  
     204          10503           10296  
     205          11036           10826  
     206          11701           11494  
     207          11334           11123  
     208          10776           10564  
     209          11033           10821  
     210          11657           11441  
     211          11409           11196  
     212          11510           11293  
     213          11392           11173  
     214          12087           11872  
     215          12306           12087  
     216          12037           11817  
     217          11383           11164  
     218          11863           11642  
     219          11707           11481  
     220          12183           11961  
     221          12569           12343  
     222          12382           12158  
     223          14145           13921  
     224          12448           12216  
     225          13463           13237  
     226          13164           12932  
     227          12477           12247  
     228          12525           12294  
     229          13133           12902  
     230          12901           12667  
     231          13628           13394  
     232          12995           12753  
     233          13632           13395  
     234          13480           13237  
     235          14073           13834  
     236          14379           14138  
     237          14619           14379  
     238          15202           14959  
     239          15279           15036  
     240          15203           14955  
     241          15312           15065  
     242          14416           14170  
     243          15866           15623  
     244          14699           14451  
     245          14798           14548  
     246          16145           15895  
     247          16004           15753  
     248          16340           16085  
     249          15923           15672  
     250          15827           15572  
     251          15970           15715  
     252          16374           16122  
     253          15092           14836  
     254          16311           16052  
     255          16782           16522  
     256          16145           15883  
     257          16810           16550  
     258          17068           16809  
     259          17409           17146  
     260          18751           18490  
     261          16156           15889  
     262          17370           17103  
     263          17683           17418  
     264          17412           17139  
     265          17880           17612  
     266          17724           17453  
     267          18668           18398  
     268          18615           18341  
     269          17981           17708  
     270          17777           17504  
     271          19203           18929  
     272          19222           18945  
     273          19507           19230  
     274          19104           18825  
     275          18638           18357  
     276          21680           21398  
     277          20064           19786  
     278          19020           18731  
     279          20499           20219  
     280          20204           19923  
     281          20081           19795  
     282          20754           20470  
     283          19653           19365  
     284          20685           20398  
     285          20827           20536  
     286          20476           20187  
     287          21896           21605  
     288          20901           20607  
     289          21463           21169  
     290          21065           20772  
     291          21308           21016  
     292          21421           21126  
     293          22471           22174  
     294          22800           22500  
     295          23876           23581  
     296          22334           22035  
     297          21294           20993  
     298          21751           21444  
     299          21723           21420  
     300          23228           22923  
     301          23109           22801  
     302          24016           23710  
     303          22477           22170  
     304          24041           23733  
     305          24987           24677  
     306          22289           21980  
     307          24874           24567  
     308          23477           23164  
     309          24583           24267  
     310          23813           23502  
     311          23670           23352  
     312          23585           23269  
     313          25253           24935  
     314          25532           25213  
     315          25637           25317  
     316          25469           25150  
     317          25654           25336  
     318          26937           26612  
     319          26164           25843  
     320          25214           24889  
     321          25582           25256  
     322          25221           24893  
     323          26535           26209  
     324          27339           27013  
     325          27193           26864  
     326          28207           27878  
     327          28014           27681  
     328          28150           27821  
     329          28181           27845  
     330          27915           27578  
     331          28054           27721  
     332          28620           28281  
     333          29028           28691  
     334          27681           27335  
     335          30268           29929  
     336          29649           29309  
     337          31427           31085  
     338          31053           30707  
     339          29138           28794  
     340          28647           28307  
     341          29144           28798  
     342          29223           28876  
     343          30615           30266  
     344          30278           29930  
     345          30599           30251  
     346          31507           31157  
     347          31065           30718  
     348          30221           29867  
     349          31436           31078  
     350          33719           33366  
     351          30205           29845  
     352          30119           29761  
     353          31444           31088  
     354          31104           30748  
     355          31598           31237  
     356          32304           31944  
     357          32343           31980  
     358          30129           29764  
     359          31699           31340  
     360          32158           31793  
     361          34079           33712  
     362          33673           33308  
     363          32375           32011  
     364          33111           32745  
     365          34119           33747  
     366          33395           33023  
     367          36725           36357  
     368          32702           32329  
     369          33259           32884  
     370          35194           34815  
     371          33457           33084  
     372          34822           34443  
     373          33457           33076  
     374          35695           35316  
     375          34883           34502  
     376          36364           35983  
     377          37372           36992  
     378          37082           36702  
     379          37310           36927  
     380          37601           37217  
     381          39477           39093  
     382          35270           34881  
     383          38727           38339  
     384          36428           36040  
     385          37813           37424  
     386          37795           37406  
     387          37128           36736  
     388          36613           36223  
     389          39933           39539  
     390          37367           36972  
     391          36862           36468  
     392          38992           38592  
     393          40678           40280  
     394          38357           37956  
     395          39680           39285  
     396          40267           39867  
     397          41399           40999  
     398          40808           40404  
     399          41489           41088  
     400          40080           39675  
     401          42407           42000  
     402          42298           41889  
     403          43023           42616  
     404          41710           41301  
     405          42893           42482  
     406          40134           39725  
     407          41083           40669  
     408          43102           42687  
     409          40655           40242  
     410          43043           42631  
     411          40629           40215  
     412          40860           40444  
     413          44151           43735  
     414          43605           43188  
     415          44546           44123  
     416          44489           44068  
     417          43032           42612  
     418          46658           46235  
     419          47904           47480  
     420          44849           44426  
     421          42151           41728  
     422          47521           47095  
     423          47326           46897  
     424          45198           44770  
     425          42344           41917  
     426          46453           46020  
     427          46137           45703  
     428          47683           47249  
     429          47514           47079  
     430          46157           45719  
     431          46162           45725  
     432          46051           45616  
     433          47356           46919  
     434          47227           46788  
     435          46651           46210  
     436          47445           47005  
     437          47569           47126  
     438          49108           48667  
     439          50345           49902  
     440          51177           50735  
     441          49104           48663  
     442          49006           48559  
     443          51757           51313  
     444          49986           49537  
     445          49571           49120  
     446          51791           51339  
     447          51874           51424  
     448          51967           51514  
     449          51985           51531  
     450          53626           53172  
     451          49392           48940  
     452          53945           53489  
     453          54652           54191  
     454          53899           53434  
     455          52067           51606  
     456          53398           52937  
     457          50348           49887  
     458          53077           52615  
     459          54830           54366  
     460          56738           56275  
     461          54818           54349  
     462          53988           53523  
     463          52605           52137  
     464          54166           53697  
     465          54778           54305  
     466          54035           53560  
     467          54179           53706  
     468          58039           57569  
     469          54913           54439  
     470          53672           53200  
     471          56603           56124  
     472          57448           56973  
     473          56837           56360  
     474          55986           55507  
     475          56719           56240  
     476          57426           56946  
     477          61436           60956  
     478          56746           56264  
     479          58279           57797  
     480          59591           59104  
     481          57768           57283  
     482          58526           58039  
     483          57654           57164  
     484          64007           63519  
     485          60248           59760  
     486          57743           57253  
     487          60240           59748  
     488          60798           60306  
     489          58130           57635  
     490          61835           61335  
     491          59064           58569  
     492          59825           59328  
     493          60586           60089  
     494          60047           59545  
     495          62848           62347  
     496          59586           59085  
     497          62315           61813  
     498          61627           61124  
     499          63183           62676  
     500          62617           62113  
     501          64720           64211  
     502          62753           62249  
     503          62119           61612  
     504          63771           63265  
     505          63529           63016  
     506          63423           62916  
     507          68432           67920  
     508          65243           64730  
     509          64046           63531  
     510          66900           66387  
     511          65838           65322  
     512          68948           68430  
#+ -------+--------------+--------------+--------------+--------------+--------------+--------------+
