#-----------------+
#  TRI INSERTION  |
#-----------------+
#
#+--------+-----------------------------+
#|        |           ordonne           |
#| Taille | Opérations     Comparaisons |
#+ -------+--------------+--------------+
       1              0               0  
       2              2               1  
       3              4               2  
       4              6               3  
       5              8               4  
       6             10               5  
       7             12               6  
       8             14               7  
       9             16               8  
      10             18               9  
      11             20              10  
      12             22              11  
      13             24              12  
      14             26              13  
      15             28              14  
      16             30              15  
      17             32              16  
      18             34              17  
      19             36              18  
      20             38              19  
      21             40              20  
      22             42              21  
      23             44              22  
      24             46              23  
      25             48              24  
      26             50              25  
      27             52              26  
      28             54              27  
      29             56              28  
      30             58              29  
      31             60              30  
      32             62              31  
      33             64              32  
      34             66              33  
      35             68              34  
      36             70              35  
      37             72              36  
      38             74              37  
      39             76              38  
      40             78              39  
      41             80              40  
      42             82              41  
      43             84              42  
      44             86              43  
      45             88              44  
      46             90              45  
      47             92              46  
      48             94              47  
      49             96              48  
      50             98              49  
      51            100              50  
      52            102              51  
      53            104              52  
      54            106              53  
      55            108              54  
      56            110              55  
      57            112              56  
      58            114              57  
      59            116              58  
      60            118              59  
      61            120              60  
      62            122              61  
      63            124              62  
      64            126              63  
      65            128              64  
      66            130              65  
      67            132              66  
      68            134              67  
      69            136              68  
      70            138              69  
      71            140              70  
      72            142              71  
      73            144              72  
      74            146              73  
      75            148              74  
      76            150              75  
      77            152              76  
      78            154              77  
      79            156              78  
      80            158              79  
      81            160              80  
      82            162              81  
      83            164              82  
      84            166              83  
      85            168              84  
      86            170              85  
      87            172              86  
      88            174              87  
      89            176              88  
      90            178              89  
      91            180              90  
      92            182              91  
      93            184              92  
      94            186              93  
      95            188              94  
      96            190              95  
      97            192              96  
      98            194              97  
      99            196              98  
     100            198              99  
     101            200             100  
     102            202             101  
     103            204             102  
     104            206             103  
     105            208             104  
     106            210             105  
     107            212             106  
     108            214             107  
     109            216             108  
     110            218             109  
     111            220             110  
     112            222             111  
     113            224             112  
     114            226             113  
     115            228             114  
     116            230             115  
     117            232             116  
     118            234             117  
     119            236             118  
     120            238             119  
     121            240             120  
     122            242             121  
     123            244             122  
     124            246             123  
     125            248             124  
     126            250             125  
     127            252             126  
     128            254             127  
     129            256             128  
     130            258             129  
     131            260             130  
     132            262             131  
     133            264             132  
     134            266             133  
     135            268             134  
     136            270             135  
     137            272             136  
     138            274             137  
     139            276             138  
     140            278             139  
     141            280             140  
     142            282             141  
     143            284             142  
     144            286             143  
     145            288             144  
     146            290             145  
     147            292             146  
     148            294             147  
     149            296             148  
     150            298             149  
     151            300             150  
     152            302             151  
     153            304             152  
     154            306             153  
     155            308             154  
     156            310             155  
     157            312             156  
     158            314             157  
     159            316             158  
     160            318             159  
     161            320             160  
     162            322             161  
     163            324             162  
     164            326             163  
     165            328             164  
     166            330             165  
     167            332             166  
     168            334             167  
     169            336             168  
     170            338             169  
     171            340             170  
     172            342             171  
     173            344             172  
     174            346             173  
     175            348             174  
     176            350             175  
     177            352             176  
     178            354             177  
     179            356             178  
     180            358             179  
     181            360             180  
     182            362             181  
     183            364             182  
     184            366             183  
     185            368             184  
     186            370             185  
     187            372             186  
     188            374             187  
     189            376             188  
     190            378             189  
     191            380             190  
     192            382             191  
     193            384             192  
     194            386             193  
     195            388             194  
     196            390             195  
     197            392             196  
     198            394             197  
     199            396             198  
     200            398             199  
     201            400             200  
     202            402             201  
     203            404             202  
     204            406             203  
     205            408             204  
     206            410             205  
     207            412             206  
     208            414             207  
     209            416             208  
     210            418             209  
     211            420             210  
     212            422             211  
     213            424             212  
     214            426             213  
     215            428             214  
     216            430             215  
     217            432             216  
     218            434             217  
     219            436             218  
     220            438             219  
     221            440             220  
     222            442             221  
     223            444             222  
     224            446             223  
     225            448             224  
     226            450             225  
     227            452             226  
     228            454             227  
     229            456             228  
     230            458             229  
     231            460             230  
     232            462             231  
     233            464             232  
     234            466             233  
     235            468             234  
     236            470             235  
     237            472             236  
     238            474             237  
     239            476             238  
     240            478             239  
     241            480             240  
     242            482             241  
     243            484             242  
     244            486             243  
     245            488             244  
     246            490             245  
     247            492             246  
     248            494             247  
     249            496             248  
     250            498             249  
     251            500             250  
     252            502             251  
     253            504             252  
     254            506             253  
     255            508             254  
     256            510             255  
     257            512             256  
     258            514             257  
     259            516             258  
     260            518             259  
     261            520             260  
     262            522             261  
     263            524             262  
     264            526             263  
     265            528             264  
     266            530             265  
     267            532             266  
     268            534             267  
     269            536             268  
     270            538             269  
     271            540             270  
     272            542             271  
     273            544             272  
     274            546             273  
     275            548             274  
     276            550             275  
     277            552             276  
     278            554             277  
     279            556             278  
     280            558             279  
     281            560             280  
     282            562             281  
     283            564             282  
     284            566             283  
     285            568             284  
     286            570             285  
     287            572             286  
     288            574             287  
     289            576             288  
     290            578             289  
     291            580             290  
     292            582             291  
     293            584             292  
     294            586             293  
     295            588             294  
     296            590             295  
     297            592             296  
     298            594             297  
     299            596             298  
     300            598             299  
     301            600             300  
     302            602             301  
     303            604             302  
     304            606             303  
     305            608             304  
     306            610             305  
     307            612             306  
     308            614             307  
     309            616             308  
     310            618             309  
     311            620             310  
     312            622             311  
     313            624             312  
     314            626             313  
     315            628             314  
     316            630             315  
     317            632             316  
     318            634             317  
     319            636             318  
     320            638             319  
     321            640             320  
     322            642             321  
     323            644             322  
     324            646             323  
     325            648             324  
     326            650             325  
     327            652             326  
     328            654             327  
     329            656             328  
     330            658             329  
     331            660             330  
     332            662             331  
     333            664             332  
     334            666             333  
     335            668             334  
     336            670             335  
     337            672             336  
     338            674             337  
     339            676             338  
     340            678             339  
     341            680             340  
     342            682             341  
     343            684             342  
     344            686             343  
     345            688             344  
     346            690             345  
     347            692             346  
     348            694             347  
     349            696             348  
     350            698             349  
     351            700             350  
     352            702             351  
     353            704             352  
     354            706             353  
     355            708             354  
     356            710             355  
     357            712             356  
     358            714             357  
     359            716             358  
     360            718             359  
     361            720             360  
     362            722             361  
     363            724             362  
     364            726             363  
     365            728             364  
     366            730             365  
     367            732             366  
     368            734             367  
     369            736             368  
     370            738             369  
     371            740             370  
     372            742             371  
     373            744             372  
     374            746             373  
     375            748             374  
     376            750             375  
     377            752             376  
     378            754             377  
     379            756             378  
     380            758             379  
     381            760             380  
     382            762             381  
     383            764             382  
     384            766             383  
     385            768             384  
     386            770             385  
     387            772             386  
     388            774             387  
     389            776             388  
     390            778             389  
     391            780             390  
     392            782             391  
     393            784             392  
     394            786             393  
     395            788             394  
     396            790             395  
     397            792             396  
     398            794             397  
     399            796             398  
     400            798             399  
     401            800             400  
     402            802             401  
     403            804             402  
     404            806             403  
     405            808             404  
     406            810             405  
     407            812             406  
     408            814             407  
     409            816             408  
     410            818             409  
     411            820             410  
     412            822             411  
     413            824             412  
     414            826             413  
     415            828             414  
     416            830             415  
     417            832             416  
     418            834             417  
     419            836             418  
     420            838             419  
     421            840             420  
     422            842             421  
     423            844             422  
     424            846             423  
     425            848             424  
     426            850             425  
     427            852             426  
     428            854             427  
     429            856             428  
     430            858             429  
     431            860             430  
     432            862             431  
     433            864             432  
     434            866             433  
     435            868             434  
     436            870             435  
     437            872             436  
     438            874             437  
     439            876             438  
     440            878             439  
     441            880             440  
     442            882             441  
     443            884             442  
     444            886             443  
     445            888             444  
     446            890             445  
     447            892             446  
     448            894             447  
     449            896             448  
     450            898             449  
     451            900             450  
     452            902             451  
     453            904             452  
     454            906             453  
     455            908             454  
     456            910             455  
     457            912             456  
     458            914             457  
     459            916             458  
     460            918             459  
     461            920             460  
     462            922             461  
     463            924             462  
     464            926             463  
     465            928             464  
     466            930             465  
     467            932             466  
     468            934             467  
     469            936             468  
     470            938             469  
     471            940             470  
     472            942             471  
     473            944             472  
     474            946             473  
     475            948             474  
     476            950             475  
     477            952             476  
     478            954             477  
     479            956             478  
     480            958             479  
     481            960             480  
     482            962             481  
     483            964             482  
     484            966             483  
     485            968             484  
     486            970             485  
     487            972             486  
     488            974             487  
     489            976             488  
     490            978             489  
     491            980             490  
     492            982             491  
     493            984             492  
     494            986             493  
     495            988             494  
     496            990             495  
     497            992             496  
     498            994             497  
     499            996             498  
     500            998             499  
     501           1000             500  
     502           1002             501  
     503           1004             502  
     504           1006             503  
     505           1008             504  
     506           1010             505  
     507           1012             506  
     508           1014             507  
     509           1016             508  
     510           1018             509  
     511           1020             510  
     512           1022             511  
#+ -------+--------------+--------------+--------------+--------------+--------------+--------------+
