#---------------+
#  TRI PAR TAS  |
#---------------+
#
#+--------+-----------------------------+
#|        |           inverse           |
#| Taille | Opérations     Comparaisons |
#+ -------+--------------+--------------+
       1              0               0  
       2              1               1  
       3              3               2  
       4              4               4  
       5              8               7  
       6              9               9  
       7             11              11  
       8             16              17  
       9             20              20  
      10             21              22  
      11             23              25  
      12             28              31  
      13             34              38  
      14             35              41  
      15             39              44  
      16             42              48  
      17             46              52  
      18             51              59  
      19             57              66  
      20             62              73  
      21             64              75  
      22             69              81  
      23             73              85  
      24             80              91  
      25             80              97  
      26             87             104  
      27             93             110  
      28             96             116  
      29            100             117  
      30            107             129  
      31            111             134  
      32            112             137  
      33            118             144  
      34            125             155  
      35            131             159  
      36            136             165  
      37            138             168  
      38            143             175  
      39            149             181  
      40            154             190  
      41            162             198  
      42            171             209  
      43            179             219  
      44            180             224  
      45            184             229  
      46            185             229  
      47            189             238  
      48            194             241  
      49            200             255  
      50            207             260  
      51            217             268  
      52            220             272  
      53            232             286  
      54            233             291  
      55            239             294  
      56            242             304  
      57            248             310  
      58            255             321  
      59            263             327  
      60            264             337  
      61            276             346  
      62            275             350  
      63            287             356  
      64            288             366  
      65            298             380  
      66            305             389  
      67            307             390  
      68            312             396  
      69            314             404  
      70            325             411  
      71            327             419  
      72            332             430  
      73            340             434  
      74            349             447  
      75            353             448  
      76            362             457  
      77            370             470  
      78            377             479  
      79            375             476  
      80            386             495  
      81            390             502  
      82            401             511  
      83            403             516  
      84            410             527  
      85            414             533  
      86            423             542  
      87            427             553  
      88            442             564  
      89            448             577  
      90            451             581  
      91            457             588  
      92            466             609  
      93            466             603  
      94            471             609  
      95            473             620  
      96            488             633  
      97            488             632  
      98            499             649  
      99            499             643  
     100            516             662  
     101            516             662  
     102            529             673  
     103            527             681  
     104            542             696  
     105            548             707  
     106            553             710  
     107            555             714  
     108            566             724  
     109            576             733  
     110            579             745  
     111            585             756  
     112            598             778  
     113            600             779  
     114            613             786  
     115            615             795  
     116            618             809  
     117            630             810  
     118            629             818  
     119            635             826  
     120            644             839  
     121            654             854  
     122            655             850  
     123            661             860  
     124            676             882  
     125            674             882  
     126            681             883  
     127            689             904  
     128            702             916  
     129            704             922  
     130            709             923  
     131            715             934  
     132            724             952  
     133            738             960  
     134            737             970  
     135            753             983  
     136            764             999  
     137            758            1004  
     138            765            1004  
     139            777            1026  
     140            780            1024  
     141            790            1040  
     142            785            1028  
     143            803            1050  
     144            814            1076  
     145            822            1069  
     146            819            1071  
     147            827            1080  
     148            840            1098  
     149            844            1110  
     150            849            1116  
     151            861            1133  
     152            872            1141  
     153            876            1148  
     154            877            1150  
     155            895            1178  
     156            888            1165  
     157            896            1174  
     158            915            1193  
     159            923            1205  
     160            928            1219  
     161            924            1231  
     162            937            1226  
     163            951            1239  
     164            954            1245  
     165            964            1253  
     166            963            1270  
     167            971            1282  
     168            978            1289  
     169            998            1308  
     170            989            1301  
     171           1007            1319  
     172           1002            1319  
     173           1012            1333  
     174           1021            1344  
     175           1043            1368  
     176           1032            1370  
     177           1046            1380  
     178           1051            1384  
     179           1065            1402  
     180           1062            1409  
     181           1080            1421  
     182           1083            1440  
     183           1109            1465  
     184           1104            1462  
     185           1110            1480  
     186           1111            1477  
     187           1129            1513  
     188           1130            1503  
     189           1142            1515  
     190           1139            1535  
     191           1157            1540  
     192           1158            1537  
     193           1160            1547  
     194           1161            1540  
     195           1181            1572  
     196           1184            1569  
     197           1200            1587  
     198           1193            1590  
     199           1213            1607  
     200           1206            1608  
     201           1224            1609  
     202           1225            1625  
     203           1243            1641  
     204           1248            1649  
     205           1256            1659  
     206           1261            1676  
     207           1281            1697  
     208           1278            1702  
     209           1290            1707  
     210           1295            1714  
     211           1307            1729  
     212           1302            1717  
     213           1306            1725  
     214           1325            1761  
     215           1341            1769  
     216           1328            1762  
     217           1348            1765  
     218           1343            1775  
     219           1375            1820  
     220           1374            1805  
     221           1378            1812  
     222           1381            1839  
     223           1399            1866  
     224           1408            1862  
     225           1410            1856  
     226           1415            1869  
     227           1419            1885  
     228           1430            1902  
     229           1448            1908  
     230           1451            1928  
     231           1461            1946  
     232           1470            1940  
     233           1474            1942  
     234           1475            1961  
     235           1487            1979  
     236           1494            1979  
     237           1486            1972  
     238           1493            1983  
     239           1533            2043  
     240           1518            2026  
     241           1526            2024  
     242           1523            2026  
     243           1541            2058  
     244           1546            2063  
     245           1550            2066  
     246           1557            2087  
     247           1575            2112  
     248           1574            2107  
     249           1596            2121  
     250           1591            2135  
     251           1607            2139  
     252           1608            2149  
     253           1620            2150  
     254           1625            2172  
     255           1647            2211  
     256           1642            2201  
     257           1642            2202  
     258           1649            2208  
     259           1669            2222  
     260           1674            2232  
     261           1678            2242  
     262           1687            2270  
     263           1699            2281  
     264           1706            2283  
     265           1712            2285  
     266           1719            2293  
     267           1735            2316  
     268           1736            2317  
     269           1738            2315  
     270           1753            2353  
     271           1779            2380  
     272           1778            2373  
     273           1770            2373  
     274           1783            2396  
     275           1793            2400  
     276           1798            2410  
     277           1808            2417  
     278           1823            2446  
     279           1843            2469  
     280           1824            2452  
     281           1842            2472  
     282           1851            2482  
     283           1863            2481  
     284           1872            2502  
     285           1866            2504  
     286           1891            2525  
     287           1893            2542  
     288           1898            2549  
     289           1898            2544  
     290           1905            2550  
     291           1921            2575  
     292           1950            2595  
     293           1926            2575  
     294           1951            2612  
     295           1963            2629  
     296           1960            2629  
     297           1958            2631  
     298           1981            2656  
     299           1977            2647  
     300           1994            2652  
     301           1998            2676  
     302           2013            2705  
     303           2035            2722  
     304           2036            2735  
     305           2032            2730  
     306           2053            2748  
     307           2057            2749  
     308           2056            2749  
     309           2060            2759  
     310           2091            2797  
     311           2085            2797  
     312           2094            2813  
     313           2100            2818  
     314           2121            2828  
     315           2123            2831  
     316           2124            2852  
     317           2130            2863  
     318           2151            2894  
     319           2143            2877  
     320           2164            2903  
     321           2162            2887  
     322           2173            2903  
     323           2175            2927  
     324           2190            2933  
     325           2202            2953  
     326           2225            2982  
     327           2217            2976  
     328           2230            2984  
     329           2228            2983  
     330           2241            3013  
     331           2245            3003  
     332           2258            3022  
     333           2262            3020  
     334           2283            3061  
     335           2285            3072  
     336           2292            3073  
     337           2284            3058  
     338           2307            3090  
     339           2303            3085  
     340           2304            3096  
     341           2320            3135  
     342           2335            3152  
     343           2337            3150  
     344           2354            3152  
     345           2370            3172  
     346           2377            3196  
     347           2381            3188  
     348           2384            3191  
     349           2402            3225  
     350           2419            3247  
     351           2417            3260  
     352           2426            3258  
     353           2420            3256  
     354           2449            3302  
     355           2437            3275  
     356           2454            3305  
     357           2458            3311  
     358           2473            3349  
     359           2467            3331  
     360           2490            3358  
     361           2488            3339  
     362           2505            3371  
     363           2505            3366  
     364           2526            3390  
     365           2528            3405  
     366           2559            3452  
     367           2547            3440  
     368           2560            3451  
     369           2568            3452  
     370           2587            3488  
     371           2565            3472  
     372           2602            3499  
     373           2604            3522  
     374           2623            3545  
     375           2617            3535  
     376           2618            3565  
     377           2632            3552  
     378           2649            3592  
     379           2637            3569  
     380           2662            3586  
     381           2668            3623  
     382           2697            3653  
     383           2683            3632  
     384           2686            3635  
     385           2680            3626  
     386           2691            3660  
     387           2709            3657  
     388           2714            3663  
     389           2724            3690  
     390           2743            3714  
     391           2741            3718  
     392           2748            3713  
     393           2736            3729  
     394           2771            3740  
     395           2763            3734  
     396           2784            3743  
     397           2776            3773  
     398           2805            3805  
     399           2825            3816  
     400           2822            3808  
     401           2824            3808  
     402           2841            3852  
     403           2827            3815  
     404           2844            3840  
     405           2854            3853  
     406           2891            3900  
     407           2879            3880  
     408           2896            3893  
     409           2896            3885  
     410           2921            3930  
     411           2903            3903  
     412           2904            3917  
     413           2924            3949  
     414           2965            3993  
     415           2947            3974  
     416           2956            4005  
     417           2966            3994  
     418           2975            4013  
     419           2975            4022  
     420           3000            4039  
     421           3010            4057  
     422           3035            4099  
     423           3017            4067  
     424           3028            4074  
     425           3042            4084  
     426           3061            4122  
     427           3053            4098  
     428           3056            4117  
     429           3068            4135  
     430           3117            4203  
     431           3099            4172  
     432           3098            4174  
     433           3104            4170  
     434           3125            4213  
     435           3121            4207  
     436           3116            4196  
     437           3132            4228  
     438           3161            4271  
     439           3143            4233  
     440           3164            4251  
     441           3154            4266  
     442           3181            4279  
     443           3179            4278  
     444           3196            4285  
     445           3202            4316  
     446           3251            4387  
     447           3235            4370  
     448           3244            4354  
     449           3236            4366  
     450           3253            4382  
     451           3257            4385  
     452           3262            4392  
     453           3282            4433  
     454           3307            4457  
     455           3281            4458  
     456           3308            4466  
     457           3310            4460  
     458           3333            4502  
     459           3329            4480  
     460           3346            4506  
     461           3348            4532  
     462           3387            4595  
     463           3381            4572  
     464           3384            4562  
     465           3370            4555  
     466           3407            4601  
     467           3399            4592  
     468           3412            4605  
     469           3422            4645  
     470           3447            4666  
     471           3425            4651  
     472           3436            4650  
     473           3448            4657  
     474           3475            4697  
     475           3471            4684  
     476           3476            4701  
     477           3484            4709  
     478           3525            4783  
     479           3517            4749  
     480           3498            4735  
     481           3504            4763  
     482           3531            4790  
     483           3531            4770  
     484           3548            4779  
     485           3550            4810  
     486           3577            4845  
     487           3563            4831  
     488           3576            4838  
     489           3574            4842  
     490           3595            4866  
     491           3615            4877  
     492           3612            4869  
     493           3618            4903  
     494           3655            4967  
     495           3637            4931  
     496           3650            4934  
     497           3650            4954  
     498           3661            4984  
     499           3675            4965  
     500           3676            4979  
     501           3698            5011  
     502           3717            5045  
     503           3699            5019  
     504           3708            5017  
     505           3720            5046  
     506           3751            5093  
     507           3735            5069  
     508           3738            5085  
     509           3752            5111  
     510           3799            5170  
     511           3779            5142  
     512           3772            5133  
#+ -------+--------------+--------------+--------------+--------------+--------------+--------------+
