#---------------+
#  TRI PAR TAS  |
#---------------+
#
#+--------+-----------------------------+
#|        |           aleatoire           |
#| Taille | Opérations     Comparaisons |
#+ -------+--------------+--------------+
       1              0               0  
       2              1               1  
       3              4               3  
       4              6               4  
       5              9              10  
       6             12              13  
       7             17              16  
       8             20              21  
       9             24              24  
      10             27              29  
      11             33              33  
      12             34              38  
      13             39              43  
      14             43              45  
      15             44              56  
      16             51              57  
      17             58              68  
      18             60              71  
      19             65              70  
      20             75              84  
      21             76              92  
      22             82              94  
      23             88             108  
      24             89             103  
      25            101             113  
      26            106             131  
      27            104             121  
      28            117             137  
      29            114             142  
      30            116             143  
      31            134             162  
      32            135             163  
      33            142             169  
      34            140             175  
      35            158             195  
      36            161             184  
      37            165             211  
      38            168             211  
      39            173             211  
      40            176             217  
      41            188             233  
      42            187             229  
      43            204             246  
      44            199             242  
      45            212             268  
      46            225             269  
      47            225             277  
      48            232             284  
      49            235             298  
      50            247             301  
      51            256             317  
      52            242             313  
      53            263             329  
      54            272             342  
      55            272             351  
      56            284             338  
      57            286             367  
      58            297             366  
      59            299             381  
      60            299             391  
      61            308             401  
      62            309             402  
      63            309             403  
      64            340             421  
      65            347             422  
      66            344             439  
      67            363             456  
      68            356             460  
      69            368             459  
      70            379             481  
      71            376             472  
      72            382             487  
      73            397             518  
      74            398             499  
      75            415             514  
      76            400             509  
      77            423             534  
      78            426             540  
      79            419             547  
      80            434             570  
      81            448             575  
      82            447             570  
      83            461             600  
      84            474             610  
      85            471             609  
      86            475             619  
      87            489             644  
      88            500             633  
      89            498             645  
      90            521             656  
      91            512             669  
      92            533             679  
      93            537             671  
      94            534             694  
      95            540             686  
      96            546             722  
      97            559             712  
      98            562             728  
      99            577             747  
     100            570             744  
     101            582             763  
     102            596             763  
     103            592             772  
     104            620             795  
     105            618             784  
     106            615             801  
     107            629             829  
     108            633             823  
     109            648             839  
     110            661             863  
     111            655             865  
     112            664             889  
     113            666             881  
     114            688             911  
     115            681             880  
     116            697             913  
     117            704             916  
     118            718             934  
     119            723             959  
     120            719             929  
     121            741             952  
     122            743             974  
     123            756             983  
     124            744             986  
     125            766             994  
     126            774             989  
     127            785            1021  
     128            784            1031  
     129            787            1052  
     130            799            1045  
     131            811            1055  
     132            821            1077  
     133            827            1101  
     134            829            1092  
     135            857            1104  
     136            859            1118  
     137            853            1127  
     138            864            1128  
     139            884            1146  
     140            879            1166  
     141            877            1166  
     142            882            1162  
     143            908            1179  
     144            908            1181  
     145            920            1202  
     146            910            1212  
     147            932            1241  
     148            933            1223  
     149            954            1230  
     150            976            1276  
     151            967            1265  
     152            972            1274  
     153            972            1298  
     154            985            1298  
     155            988            1306  
     156           1012            1337  
     157           1004            1337  
     158           1027            1339  
     159           1036            1357  
     160           1036            1356  
     161           1044            1382  
     162           1068            1400  
     163           1057            1381  
     164           1084            1423  
     165           1069            1403  
     166           1071            1418  
     167           1081            1426  
     168           1103            1435  
     169           1110            1448  
     170           1124            1477  
     171           1119            1462  
     172           1125            1497  
     173           1119            1461  
     174           1139            1534  
     175           1150            1523  
     176           1174            1536  
     177           1190            1554  
     178           1186            1562  
     179           1190            1582  
     180           1198            1591  
     181           1209            1585  
     182           1199            1591  
     183           1220            1614  
     184           1219            1609  
     185           1239            1649  
     186           1245            1625  
     187           1267            1671  
     188           1239            1644  
     189           1282            1681  
     190           1284            1699  
     191           1294            1720  
     192           1287            1720  
     193           1309            1709  
     194           1337            1739  
     195           1322            1756  
     196           1339            1753  
     197           1320            1758  
     198           1351            1795  
     199           1337            1774  
     200           1373            1817  
     201           1363            1820  
     202           1374            1806  
     203           1394            1834  
     204           1401            1850  
     205           1393            1856  
     206           1405            1849  
     207           1413            1880  
     208           1433            1912  
     209           1423            1907  
     210           1431            1944  
     211           1463            1956  
     212           1460            1950  
     213           1444            1928  
     214           1480            1955  
     215           1480            1983  
     216           1489            1997  
     217           1513            1993  
     218           1518            2012  
     219           1532            2054  
     220           1534            2039  
     221           1520            2025  
     222           1548            2054  
     223           1559            2062  
     224           1555            2069  
     225           1569            2076  
     226           1576            2103  
     227           1590            2118  
     228           1584            2136  
     229           1578            2116  
     230           1585            2146  
     231           1621            2157  
     232           1630            2177  
     233           1627            2162  
     234           1633            2189  
     235           1630            2173  
     236           1645            2191  
     237           1673            2237  
     238           1689            2255  
     239           1659            2243  
     240           1684            2258  
     241           1682            2258  
     242           1698            2252  
     243           1709            2309  
     244           1703            2284  
     245           1733            2316  
     246           1743            2328  
     247           1733            2346  
     248           1784            2400  
     249           1749            2369  
     250           1771            2382  
     251           1781            2387  
     252           1777            2422  
     253           1791            2423  
     254           1799            2436  
     255           1818            2439  
     256           1817            2441  
     257           1841            2484  
     258           1852            2465  
     259           1853            2492  
     260           1869            2508  
     261           1880            2497  
     262           1886            2509  
     263           1872            2513  
     264           1886            2533  
     265           1925            2584  
     266           1903            2547  
     267           1922            2572  
     268           1915            2559  
     269           1940            2623  
     270           1948            2591  
     271           1951            2621  
     272           1969            2611  
     273           1963            2636  
     274           1957            2635  
     275           1967            2657  
     276           1995            2701  
     277           1985            2685  
     278           2035            2699  
     279           2009            2722  
     280           2024            2717  
     281           2042            2742  
     282           2056            2760  
     283           2057            2779  
     284           2083            2759  
     285           2075            2783  
     286           2101            2810  
     287           2089            2789  
     288           2107            2828  
     289           2108            2823  
     290           2110            2857  
     291           2112            2863  
     292           2137            2872  
     293           2137            2874  
     294           2154            2901  
     295           2182            2958  
     296           2176            2933  
     297           2173            2940  
     298           2200            2953  
     299           2198            2938  
     300           2216            2982  
     301           2234            2971  
     302           2247            3002  
     303           2233            3017  
     304           2258            2994  
     305           2258            3020  
     306           2247            2992  
     307           2282            3041  
     308           2285            3056  
     309           2284            3060  
     310           2296            3092  
     311           2294            3101  
     312           2326            3102  
     313           2292            3090  
     314           2346            3157  
     315           2340            3159  
     316           2368            3150  
     317           2344            3161  
     318           2357            3171  
     319           2389            3195  
     320           2376            3224  
     321           2395            3195  
     322           2420            3235  
     323           2382            3217  
     324           2455            3280  
     325           2442            3285  
     326           2460            3328  
     327           2470            3279  
     328           2470            3343  
     329           2481            3291  
     330           2476            3332  
     331           2487            3361  
     332           2500            3371  
     333           2493            3345  
     334           2510            3373  
     335           2542            3388  
     336           2541            3368  
     337           2527            3412  
     338           2525            3410  
     339           2578            3423  
     340           2576            3461  
     341           2564            3490  
     342           2611            3457  
     343           2600            3480  
     344           2621            3513  
     345           2607            3498  
     346           2599            3498  
     347           2625            3563  
     348           2616            3509  
     349           2652            3567  
     350           2661            3570  
     351           2666            3573  
     352           2669            3590  
     353           2685            3590  
     354           2723            3624  
     355           2726            3641  
     356           2732            3658  
     357           2717            3653  
     358           2715            3645  
     359           2748            3707  
     360           2772            3714  
     361           2775            3694  
     362           2768            3719  
     363           2777            3726  
     364           2799            3743  
     365           2774            3760  
     366           2814            3787  
     367           2798            3776  
     368           2819            3781  
     369           2851            3829  
     370           2852            3807  
     371           2831            3833  
     372           2872            3887  
     373           2872            3844  
     374           2869            3862  
     375           2886            3894  
     376           2871            3856  
     377           2923            3931  
     378           2926            3921  
     379           2926            3908  
     380           2932            3952  
     381           2939            3944  
     382           2924            3966  
     383           2974            3979  
     384           2955            3971  
     385           2991            4013  
     386           2996            4018  
     387           2985            4038  
     388           2978            4018  
     389           3017            4075  
     390           3035            4105  
     391           3041            4076  
     392           3071            4122  
     393           3038            4093  
     394           3056            4120  
     395           3069            4158  
     396           3067            4137  
     397           3085            4173  
     398           3080            4152  
     399           3124            4181  
     400           3122            4189  
     401           3136            4238  
     402           3132            4257  
     403           3153            4266  
     404           3149            4208  
     405           3166            4268  
     406           3181            4311  
     407           3163            4290  
     408           3197            4324  
     409           3174            4320  
     410           3223            4330  
     411           3204            4335  
     412           3200            4324  
     413           3263            4412  
     414           3230            4334  
     415           3279            4420  
     416           3275            4428  
     417           3270            4446  
     418           3265            4434  
     419           3261            4396  
     420           3311            4478  
     421           3310            4442  
     422           3331            4503  
     423           3320            4475  
     424           3369            4502  
     425           3382            4557  
     426           3370            4543  
     427           3374            4545  
     428           3363            4546  
     429           3353            4547  
     430           3403            4585  
     431           3400            4595  
     432           3440            4636  
     433           3426            4641  
     434           3407            4598  
     435           3426            4630  
     436           3444            4678  
     437           3486            4694  
     438           3450            4678  
     439           3440            4689  
     440           3470            4734  
     441           3501            4753  
     442           3514            4761  
     443           3510            4715  
     444           3525            4766  
     445           3553            4790  
     446           3555            4821  
     447           3554            4807  
     448           3524            4793  
     449           3541            4796  
     450           3547            4806  
     451           3561            4864  
     452           3588            4864  
     453           3606            4907  
     454           3591            4872  
     455           3661            4878  
     456           3646            4921  
     457           3679            4946  
     458           3626            4887  
     459           3654            4975  
     460           3703            4980  
     461           3673            4956  
     462           3705            5015  
     463           3692            5013  
     464           3690            5065  
     465           3735            5090  
     466           3734            5056  
     467           3716            5055  
     468           3752            5016  
     469           3771            5062  
     470           3756            5079  
     471           3755            5116  
     472           3783            5134  
     473           3792            5130  
     474           3785            5115  
     475           3826            5159  
     476           3818            5194  
     477           3809            5203  
     478           3853            5238  
     479           3816            5134  
     480           3863            5243  
     481           3862            5242  
     482           3878            5233  
     483           3885            5264  
     484           3899            5243  
     485           3883            5280  
     486           3893            5275  
     487           3902            5335  
     488           3920            5309  
     489           3957            5397  
     490           3923            5359  
     491           3960            5393  
     492           3975            5396  
     493           3953            5402  
     494           4014            5474  
     495           3979            5427  
     496           3989            5448  
     497           4013            5476  
     498           4036            5482  
     499           4063            5532  
     500           4032            5461  
     501           4063            5558  
     502           4077            5543  
     503           4055            5564  
     504           4112            5580  
     505           4092            5578  
     506           4117            5558  
     507           4122            5590  
     508           4109            5623  
     509           4119            5602  
     510           4120            5649  
     511           4164            5644  
     512           4139            5627  
#+ -------+--------------+--------------+--------------+--------------+--------------+--------------+
