#-----------------+
#  TRI SELECTION  |
#-----------------+
#
#+--------+-----------------------------+
#|        |           inverse           |
#| Taille | Opérations     Comparaisons |
#+ -------+--------------+--------------+
       1              0               0  
       2              3               1  
       3              3               3  
       4              6               6  
       5              6              10  
       6              9              15  
       7              9              21  
       8             12              28  
       9             12              36  
      10             15              45  
      11             15              55  
      12             18              66  
      13             18              78  
      14             21              91  
      15             21             105  
      16             24             120  
      17             24             136  
      18             27             153  
      19             27             171  
      20             30             190  
      21             30             210  
      22             33             231  
      23             33             253  
      24             36             276  
      25             36             300  
      26             39             325  
      27             39             351  
      28             42             378  
      29             42             406  
      30             45             435  
      31             45             465  
      32             48             496  
      33             48             528  
      34             51             561  
      35             51             595  
      36             54             630  
      37             54             666  
      38             57             703  
      39             57             741  
      40             60             780  
      41             60             820  
      42             63             861  
      43             63             903  
      44             66             946  
      45             66             990  
      46             69            1035  
      47             69            1081  
      48             72            1128  
      49             72            1176  
      50             75            1225  
      51             75            1275  
      52             78            1326  
      53             78            1378  
      54             81            1431  
      55             81            1485  
      56             84            1540  
      57             84            1596  
      58             87            1653  
      59             87            1711  
      60             90            1770  
      61             90            1830  
      62             93            1891  
      63             93            1953  
      64             96            2016  
      65             96            2080  
      66             99            2145  
      67             99            2211  
      68            102            2278  
      69            102            2346  
      70            105            2415  
      71            105            2485  
      72            108            2556  
      73            108            2628  
      74            111            2701  
      75            111            2775  
      76            114            2850  
      77            114            2926  
      78            117            3003  
      79            117            3081  
      80            120            3160  
      81            120            3240  
      82            123            3321  
      83            123            3403  
      84            126            3486  
      85            126            3570  
      86            129            3655  
      87            129            3741  
      88            132            3828  
      89            132            3916  
      90            135            4005  
      91            135            4095  
      92            138            4186  
      93            138            4278  
      94            141            4371  
      95            141            4465  
      96            144            4560  
      97            144            4656  
      98            147            4753  
      99            147            4851  
     100            150            4950  
     101            150            5050  
     102            153            5151  
     103            153            5253  
     104            156            5356  
     105            156            5460  
     106            159            5565  
     107            159            5671  
     108            162            5778  
     109            162            5886  
     110            165            5995  
     111            165            6105  
     112            168            6216  
     113            168            6328  
     114            171            6441  
     115            171            6555  
     116            174            6670  
     117            174            6786  
     118            177            6903  
     119            177            7021  
     120            180            7140  
     121            180            7260  
     122            183            7381  
     123            183            7503  
     124            186            7626  
     125            186            7750  
     126            189            7875  
     127            189            8001  
     128            192            8128  
     129            192            8256  
     130            195            8385  
     131            195            8515  
     132            198            8646  
     133            198            8778  
     134            201            8911  
     135            201            9045  
     136            204            9180  
     137            204            9316  
     138            207            9453  
     139            207            9591  
     140            210            9730  
     141            210            9870  
     142            213           10011  
     143            213           10153  
     144            216           10296  
     145            216           10440  
     146            219           10585  
     147            219           10731  
     148            222           10878  
     149            222           11026  
     150            225           11175  
     151            225           11325  
     152            228           11476  
     153            228           11628  
     154            231           11781  
     155            231           11935  
     156            234           12090  
     157            234           12246  
     158            237           12403  
     159            237           12561  
     160            240           12720  
     161            240           12880  
     162            243           13041  
     163            243           13203  
     164            246           13366  
     165            246           13530  
     166            249           13695  
     167            249           13861  
     168            252           14028  
     169            252           14196  
     170            255           14365  
     171            255           14535  
     172            258           14706  
     173            258           14878  
     174            261           15051  
     175            261           15225  
     176            264           15400  
     177            264           15576  
     178            267           15753  
     179            267           15931  
     180            270           16110  
     181            270           16290  
     182            273           16471  
     183            273           16653  
     184            276           16836  
     185            276           17020  
     186            279           17205  
     187            279           17391  
     188            282           17578  
     189            282           17766  
     190            285           17955  
     191            285           18145  
     192            288           18336  
     193            288           18528  
     194            291           18721  
     195            291           18915  
     196            294           19110  
     197            294           19306  
     198            297           19503  
     199            297           19701  
     200            300           19900  
     201            300           20100  
     202            303           20301  
     203            303           20503  
     204            306           20706  
     205            306           20910  
     206            309           21115  
     207            309           21321  
     208            312           21528  
     209            312           21736  
     210            315           21945  
     211            315           22155  
     212            318           22366  
     213            318           22578  
     214            321           22791  
     215            321           23005  
     216            324           23220  
     217            324           23436  
     218            327           23653  
     219            327           23871  
     220            330           24090  
     221            330           24310  
     222            333           24531  
     223            333           24753  
     224            336           24976  
     225            336           25200  
     226            339           25425  
     227            339           25651  
     228            342           25878  
     229            342           26106  
     230            345           26335  
     231            345           26565  
     232            348           26796  
     233            348           27028  
     234            351           27261  
     235            351           27495  
     236            354           27730  
     237            354           27966  
     238            357           28203  
     239            357           28441  
     240            360           28680  
     241            360           28920  
     242            363           29161  
     243            363           29403  
     244            366           29646  
     245            366           29890  
     246            369           30135  
     247            369           30381  
     248            372           30628  
     249            372           30876  
     250            375           31125  
     251            375           31375  
     252            378           31626  
     253            378           31878  
     254            381           32131  
     255            381           32385  
     256            384           32640  
     257            384           32896  
     258            387           33153  
     259            387           33411  
     260            390           33670  
     261            390           33930  
     262            393           34191  
     263            393           34453  
     264            396           34716  
     265            396           34980  
     266            399           35245  
     267            399           35511  
     268            402           35778  
     269            402           36046  
     270            405           36315  
     271            405           36585  
     272            408           36856  
     273            408           37128  
     274            411           37401  
     275            411           37675  
     276            414           37950  
     277            414           38226  
     278            417           38503  
     279            417           38781  
     280            420           39060  
     281            420           39340  
     282            423           39621  
     283            423           39903  
     284            426           40186  
     285            426           40470  
     286            429           40755  
     287            429           41041  
     288            432           41328  
     289            432           41616  
     290            435           41905  
     291            435           42195  
     292            438           42486  
     293            438           42778  
     294            441           43071  
     295            441           43365  
     296            444           43660  
     297            444           43956  
     298            447           44253  
     299            447           44551  
     300            450           44850  
     301            450           45150  
     302            453           45451  
     303            453           45753  
     304            456           46056  
     305            456           46360  
     306            459           46665  
     307            459           46971  
     308            462           47278  
     309            462           47586  
     310            465           47895  
     311            465           48205  
     312            468           48516  
     313            468           48828  
     314            471           49141  
     315            471           49455  
     316            474           49770  
     317            474           50086  
     318            477           50403  
     319            477           50721  
     320            480           51040  
     321            480           51360  
     322            483           51681  
     323            483           52003  
     324            486           52326  
     325            486           52650  
     326            489           52975  
     327            489           53301  
     328            492           53628  
     329            492           53956  
     330            495           54285  
     331            495           54615  
     332            498           54946  
     333            498           55278  
     334            501           55611  
     335            501           55945  
     336            504           56280  
     337            504           56616  
     338            507           56953  
     339            507           57291  
     340            510           57630  
     341            510           57970  
     342            513           58311  
     343            513           58653  
     344            516           58996  
     345            516           59340  
     346            519           59685  
     347            519           60031  
     348            522           60378  
     349            522           60726  
     350            525           61075  
     351            525           61425  
     352            528           61776  
     353            528           62128  
     354            531           62481  
     355            531           62835  
     356            534           63190  
     357            534           63546  
     358            537           63903  
     359            537           64261  
     360            540           64620  
     361            540           64980  
     362            543           65341  
     363            543           65703  
     364            546           66066  
     365            546           66430  
     366            549           66795  
     367            549           67161  
     368            552           67528  
     369            552           67896  
     370            555           68265  
     371            555           68635  
     372            558           69006  
     373            558           69378  
     374            561           69751  
     375            561           70125  
     376            564           70500  
     377            564           70876  
     378            567           71253  
     379            567           71631  
     380            570           72010  
     381            570           72390  
     382            573           72771  
     383            573           73153  
     384            576           73536  
     385            576           73920  
     386            579           74305  
     387            579           74691  
     388            582           75078  
     389            582           75466  
     390            585           75855  
     391            585           76245  
     392            588           76636  
     393            588           77028  
     394            591           77421  
     395            591           77815  
     396            594           78210  
     397            594           78606  
     398            597           79003  
     399            597           79401  
     400            600           79800  
     401            600           80200  
     402            603           80601  
     403            603           81003  
     404            606           81406  
     405            606           81810  
     406            609           82215  
     407            609           82621  
     408            612           83028  
     409            612           83436  
     410            615           83845  
     411            615           84255  
     412            618           84666  
     413            618           85078  
     414            621           85491  
     415            621           85905  
     416            624           86320  
     417            624           86736  
     418            627           87153  
     419            627           87571  
     420            630           87990  
     421            630           88410  
     422            633           88831  
     423            633           89253  
     424            636           89676  
     425            636           90100  
     426            639           90525  
     427            639           90951  
     428            642           91378  
     429            642           91806  
     430            645           92235  
     431            645           92665  
     432            648           93096  
     433            648           93528  
     434            651           93961  
     435            651           94395  
     436            654           94830  
     437            654           95266  
     438            657           95703  
     439            657           96141  
     440            660           96580  
     441            660           97020  
     442            663           97461  
     443            663           97903  
     444            666           98346  
     445            666           98790  
     446            669           99235  
     447            669           99681  
     448            672          100128  
     449            672          100576  
     450            675          101025  
     451            675          101475  
     452            678          101926  
     453            678          102378  
     454            681          102831  
     455            681          103285  
     456            684          103740  
     457            684          104196  
     458            687          104653  
     459            687          105111  
     460            690          105570  
     461            690          106030  
     462            693          106491  
     463            693          106953  
     464            696          107416  
     465            696          107880  
     466            699          108345  
     467            699          108811  
     468            702          109278  
     469            702          109746  
     470            705          110215  
     471            705          110685  
     472            708          111156  
     473            708          111628  
     474            711          112101  
     475            711          112575  
     476            714          113050  
     477            714          113526  
     478            717          114003  
     479            717          114481  
     480            720          114960  
     481            720          115440  
     482            723          115921  
     483            723          116403  
     484            726          116886  
     485            726          117370  
     486            729          117855  
     487            729          118341  
     488            732          118828  
     489            732          119316  
     490            735          119805  
     491            735          120295  
     492            738          120786  
     493            738          121278  
     494            741          121771  
     495            741          122265  
     496            744          122760  
     497            744          123256  
     498            747          123753  
     499            747          124251  
     500            750          124750  
     501            750          125250  
     502            753          125751  
     503            753          126253  
     504            756          126756  
     505            756          127260  
     506            759          127765  
     507            759          128271  
     508            762          128778  
     509            762          129286  
     510            765          129795  
     511            765          130305  
     512            768          130816  
#+ -------+--------------+--------------+--------------+--------------+--------------+--------------+
