#-----------------+
#  TRI SELECTION  |
#-----------------+
#
#+--------+-----------------------------+
#|        |           aleatoire           |
#| Taille | Opérations     Comparaisons |
#+ -------+--------------+--------------+
       1              0               0  
       2              0               1  
       3              6               3  
       4              9               6  
       5             12              10  
       6             12              15  
       7             15              21  
       8             18              28  
       9             21              36  
      10             24              45  
      11             27              55  
      12             27              66  
      13             24              78  
      14             30              91  
      15             33             105  
      16             36             120  
      17             45             136  
      18             42             153  
      19             51             171  
      20             48             190  
      21             54             210  
      22             57             231  
      23             66             253  
      24             60             276  
      25             69             300  
      26             66             325  
      27             75             351  
      28             60             378  
      29             78             406  
      30             63             435  
      31             81             465  
      32             87             496  
      33             87             528  
      34             93             561  
      35             90             595  
      36            102             630  
      37             99             666  
      38             99             703  
      39            102             741  
      40            108             780  
      41            111             820  
      42            111             861  
      43            120             903  
      44            123             946  
      45            123             990  
      46            120            1035  
      47            123            1081  
      48            135            1128  
      49            138            1176  
      50            138            1225  
      51            147            1275  
      52            147            1326  
      53            135            1378  
      54            147            1431  
      55            153            1485  
      56            150            1540  
      57            162            1596  
      58            162            1653  
      59            159            1711  
      60            165            1770  
      61            177            1830  
      62            168            1891  
      63            174            1953  
      64            177            2016  
      65            177            2080  
      66            195            2145  
      67            186            2211  
      68            195            2278  
      69            186            2346  
      70            198            2415  
      71            198            2485  
      72            204            2556  
      73            204            2628  
      74            204            2701  
      75            204            2775  
      76            213            2850  
      77            225            2926  
      78            225            3003  
      79            234            3081  
      80            231            3160  
      81            228            3240  
      82            234            3321  
      83            222            3403  
      84            234            3486  
      85            249            3570  
      86            249            3655  
      87            237            3741  
      88            243            3828  
      89            258            3916  
      90            261            4005  
      91            258            4095  
      92            255            4186  
      93            264            4278  
      94            267            4371  
      95            282            4465  
      96            276            4560  
      97            285            4656  
      98            288            4753  
      99            279            4851  
     100            270            4950  
     101            288            5050  
     102            297            5151  
     103            294            5253  
     104            294            5356  
     105            297            5460  
     106            306            5565  
     107            309            5671  
     108            309            5778  
     109            309            5886  
     110            315            5995  
     111            318            6105  
     112            321            6216  
     113            327            6328  
     114            318            6441  
     115            336            6555  
     116            327            6670  
     117            330            6786  
     118            339            6903  
     119            342            7021  
     120            348            7140  
     121            336            7260  
     122            357            7381  
     123            351            7503  
     124            357            7626  
     125            369            7750  
     126            366            7875  
     127            369            8001  
     128            366            8128  
     129            366            8256  
     130            375            8385  
     131            375            8515  
     132            375            8646  
     133            384            8778  
     134            381            8911  
     135            384            9045  
     136            390            9180  
     137            387            9316  
     138            402            9453  
     139            393            9591  
     140            399            9730  
     141            405            9870  
     142            405           10011  
     143            417           10153  
     144            420           10296  
     145            417           10440  
     146            417           10585  
     147            420           10731  
     148            429           10878  
     149            435           11026  
     150            423           11175  
     151            441           11325  
     152            441           11476  
     153            450           11628  
     154            453           11781  
     155            450           11935  
     156            450           12090  
     157            450           12246  
     158            456           12403  
     159            468           12561  
     160            471           12720  
     161            465           12880  
     162            474           13041  
     163            477           13203  
     164            483           13366  
     165            483           13530  
     166            489           13695  
     167            483           13861  
     168            489           14028  
     169            492           14196  
     170            501           14365  
     171            498           14535  
     172            483           14706  
     173            498           14878  
     174            510           15051  
     175            501           15225  
     176            501           15400  
     177            519           15576  
     178            507           15753  
     179            507           15931  
     180            522           16110  
     181            528           16290  
     182            543           16471  
     183            531           16653  
     184            534           16836  
     185            531           17020  
     186            537           17205  
     187            555           17391  
     188            549           17578  
     189            564           17766  
     190            549           17955  
     191            555           18145  
     192            546           18336  
     193            561           18528  
     194            564           18721  
     195            567           18915  
     196            576           19110  
     197            576           19306  
     198            585           19503  
     199            582           19701  
     200            597           19900  
     201            591           20100  
     202            576           20301  
     203            588           20503  
     204            591           20706  
     205            594           20910  
     206            594           21115  
     207            603           21321  
     208            612           21528  
     209            612           21736  
     210            618           21945  
     211            618           22155  
     212            624           22366  
     213            621           22578  
     214            627           22791  
     215            624           23005  
     216            627           23220  
     217            633           23436  
     218            627           23653  
     219            654           23871  
     220            651           24090  
     221            648           24310  
     222            651           24531  
     223            660           24753  
     224            660           24976  
     225            660           25200  
     226            663           25425  
     227            663           25651  
     228            660           25878  
     229            672           26106  
     230            663           26335  
     231            681           26565  
     232            678           26796  
     233            681           27028  
     234            675           27261  
     235            684           27495  
     236            693           27730  
     237            696           27966  
     238            699           28203  
     239            708           28441  
     240            708           28680  
     241            708           28920  
     242            711           29161  
     243            714           29403  
     244            720           29646  
     245            717           29890  
     246            720           30135  
     247            726           30381  
     248            729           30628  
     249            729           30876  
     250            729           31125  
     251            723           31375  
     252            744           31626  
     253            744           31878  
     254            735           32131  
     255            744           32385  
     256            750           32640  
     257            762           32896  
     258            759           33153  
     259            762           33411  
     260            768           33670  
     261            765           33930  
     262            774           34191  
     263            759           34453  
     264            768           34716  
     265            783           34980  
     266            780           35245  
     267            792           35511  
     268            795           35778  
     269            786           36046  
     270            789           36315  
     271            786           36585  
     272            798           36856  
     273            792           37128  
     274            801           37401  
     275            813           37675  
     276            816           37950  
     277            813           38226  
     278            816           38503  
     279            819           38781  
     280            798           39060  
     281            825           39340  
     282            822           39621  
     283            822           39903  
     284            840           40186  
     285            849           40470  
     286            840           40755  
     287            837           41041  
     288            831           41328  
     289            852           41616  
     290            855           41905  
     291            855           42195  
     292            849           42486  
     293            855           42778  
     294            861           43071  
     295            861           43365  
     296            876           43660  
     297            867           43956  
     298            876           44253  
     299            879           44551  
     300            882           44850  
     301            885           45150  
     302            885           45451  
     303            897           45753  
     304            888           46056  
     305            885           46360  
     306            906           46665  
     307            906           46971  
     308            906           47278  
     309            900           47586  
     310            912           47895  
     311            912           48205  
     312            915           48516  
     313            918           48828  
     314            921           49141  
     315            921           49455  
     316            912           49770  
     317            930           50086  
     318            939           50403  
     319            939           50721  
     320            948           51040  
     321            939           51360  
     322            939           51681  
     323            951           52003  
     324            948           52326  
     325            954           52650  
     326            960           52975  
     327            960           53301  
     328            978           53628  
     329            948           53956  
     330            966           54285  
     331            978           54615  
     332            978           54946  
     333            978           55278  
     334            975           55611  
     335            990           55945  
     336            993           56280  
     337            990           56616  
     338            993           56953  
     339           1002           57291  
     340            990           57630  
     341            993           57970  
     342            996           58311  
     343           1002           58653  
     344           1023           58996  
     345           1005           59340  
     346           1023           59685  
     347           1026           60031  
     348           1014           60378  
     349           1029           60726  
     350           1026           61075  
     351           1029           61425  
     352           1035           61776  
     353           1047           62128  
     354           1038           62481  
     355           1053           62835  
     356           1059           63190  
     357           1044           63546  
     358           1035           63903  
     359           1047           64261  
     360           1047           64620  
     361           1065           64980  
     362           1071           65341  
     363           1074           65703  
     364           1071           66066  
     365           1071           66430  
     366           1083           66795  
     367           1071           67161  
     368           1083           67528  
     369           1083           67896  
     370           1098           68265  
     371           1089           68635  
     372           1089           69006  
     373           1101           69378  
     374           1098           69751  
     375           1110           70125  
     376           1104           70500  
     377           1110           70876  
     378           1125           71253  
     379           1119           71631  
     380           1107           72010  
     381           1125           72390  
     382           1116           72771  
     383           1119           73153  
     384           1137           73536  
     385           1140           73920  
     386           1134           74305  
     387           1146           74691  
     388           1140           75078  
     389           1149           75466  
     390           1152           75855  
     391           1149           76245  
     392           1170           76636  
     393           1161           77028  
     394           1164           77421  
     395           1158           77815  
     396           1167           78210  
     397           1173           78606  
     398           1167           79003  
     399           1176           79401  
     400           1173           79800  
     401           1176           80200  
     402           1182           80601  
     403           1188           81003  
     404           1197           81406  
     405           1194           81810  
     406           1197           82215  
     407           1206           82621  
     408           1200           83028  
     409           1197           83436  
     410           1209           83845  
     411           1203           84255  
     412           1215           84666  
     413           1224           85078  
     414           1233           85491  
     415           1221           85905  
     416           1233           86320  
     417           1236           86736  
     418           1239           87153  
     419           1230           87571  
     420           1242           87990  
     421           1233           88410  
     422           1242           88831  
     423           1257           89253  
     424           1242           89676  
     425           1251           90100  
     426           1245           90525  
     427           1266           90951  
     428           1269           91378  
     429           1272           91806  
     430           1260           92235  
     431           1281           92665  
     432           1272           93096  
     433           1278           93528  
     434           1275           93961  
     435           1293           94395  
     436           1290           94830  
     437           1278           95266  
     438           1293           95703  
     439           1302           96141  
     440           1302           96580  
     441           1302           97020  
     442           1311           97461  
     443           1314           97903  
     444           1308           98346  
     445           1320           98790  
     446           1314           99235  
     447           1320           99681  
     448           1317          100128  
     449           1314          100576  
     450           1329          101025  
     451           1326          101475  
     452           1320          101926  
     453           1332          102378  
     454           1353          102831  
     455           1344          103285  
     456           1356          103740  
     457           1353          104196  
     458           1356          104653  
     459           1356          105111  
     460           1365          105570  
     461           1365          106030  
     462           1347          106491  
     463           1362          106953  
     464           1374          107416  
     465           1377          107880  
     466           1383          108345  
     467           1380          108811  
     468           1374          109278  
     469           1389          109746  
     470           1389          110215  
     471           1401          110685  
     472           1389          111156  
     473           1395          111628  
     474           1401          112101  
     475           1395          112575  
     476           1416          113050  
     477           1410          113526  
     478           1416          114003  
     479           1425          114481  
     480           1425          114960  
     481           1425          115440  
     482           1419          115921  
     483           1434          116403  
     484           1437          116886  
     485           1443          117370  
     486           1443          117855  
     487           1449          118341  
     488           1440          118828  
     489           1455          119316  
     490           1455          119805  
     491           1449          120295  
     492           1464          120786  
     493           1461          121278  
     494           1449          121771  
     495           1458          122265  
     496           1476          122760  
     497           1473          123256  
     498           1476          123753  
     499           1470          124251  
     500           1488          124750  
     501           1491          125250  
     502           1476          125751  
     503           1485          126253  
     504           1485          126756  
     505           1488          127260  
     506           1497          127765  
     507           1506          128271  
     508           1500          128778  
     509           1497          129286  
     510           1521          129795  
     511           1515          130305  
     512           1506          130816  
#+ -------+--------------+--------------+--------------+--------------+--------------+--------------+
