#--------------+
#  TRI FUSION  |
#--------------+
#
#+--------+-----------------------------+
#|        |           aleatoire           |
#| Taille | Opérations     Comparaisons |
#+ -------+--------------+--------------+
       1              0               0  
       2              2               1  
       3              5               3  
       4              8               4  
       5             12               7  
       6             16              10  
       7             20              13  
       8             24              17  
       9             29              20  
      10             34              23  
      11             39              26  
      12             44              28  
      13             49              34  
      14             54              38  
      15             59              38  
      16             64              46  
      17             70              53  
      18             76              56  
      19             82              59  
      20             88              67  
      21             94              67  
      22            100              70  
      23            106              78  
      24            112              82  
      25            118              83  
      26            124              93  
      27            130              93  
      28            136             105  
      29            142             110  
      30            148             108  
      31            154             115  
      32            160             122  
      33            167             126  
      34            174             136  
      35            181             134  
      36            188             150  
      37            195             150  
      38            202             154  
      39            209             160  
      40            216             166  
      41            223             175  
      42            230             174  
      43            237             182  
      44            244             187  
      45            251             193  
      46            258             200  
      47            265             202  
      48            272             200  
      49            279             218  
      50            286             221  
      51            293             231  
      52            300             232  
      53            307             232  
      54            314             243  
      55            321             252  
      56            328             261  
      57            335             260  
      58            342             275  
      59            349             282  
      60            356             279  
      61            363             286  
      62            370             297  
      63            377             293  
      64            384             307  
      65            392             313  
      66            400             319  
      67            408             327  
      68            416             332  
      69            424             340  
      70            432             345  
      71            440             349  
      72            448             357  
      73            456             365  
      74            464             360  
      75            472             383  
      76            480             378  
      77            488             379  
      78            496             394  
      79            504             401  
      80            512             414  
      81            520             413  
      82            528             425  
      83            536             417  
      84            544             427  
      85            552             453  
      86            560             447  
      87            568             447  
      88            576             463  
      89            584             472  
      90            592             471  
      91            600             483  
      92            608             484  
      93            616             488  
      94            624             502  
      95            632             495  
      96            640             513  
      97            648             513  
      98            656             522  
      99            664             535  
     100            672             537  
     101            680             547  
     102            688             560  
     103            696             562  
     104            704             576  
     105            712             579  
     106            720             577  
     107            728             584  
     108            736             599  
     109            744             615  
     110            752             611  
     111            760             623  
     112            768             626  
     113            776             639  
     114            784             642  
     115            792             647  
     116            800             657  
     117            808             663  
     118            816             672  
     119            824             665  
     120            832             679  
     121            840             693  
     122            848             697  
     123            856             696  
     124            864             704  
     125            872             702  
     126            880             732  
     127            888             724  
     128            896             735  
     129            905             733  
     130            914             750  
     131            923             764  
     132            932             766  
     133            941             774  
     134            950             785  
     135            959             790  
     136            968             794  
     137            977             801  
     138            986             814  
     139            995             819  
     140           1004             818  
     141           1013             843  
     142           1022             843  
     143           1031             838  
     144           1040             844  
     145           1049             876  
     146           1058             873  
     147           1067             882  
     148           1076             890  
     149           1085             891  
     150           1094             879  
     151           1103             908  
     152           1112             917  
     153           1121             922  
     154           1130             927  
     155           1139             939  
     156           1148             957  
     157           1157             953  
     158           1166             961  
     159           1175             967  
     160           1184             975  
     161           1193             975  
     162           1202             994  
     163           1211             998  
     164           1220            1000  
     165           1229            1012  
     166           1238            1024  
     167           1247            1035  
     168           1256            1033  
     169           1265            1039  
     170           1274            1030  
     171           1283            1047  
     172           1292            1070  
     173           1301            1081  
     174           1310            1071  
     175           1319            1085  
     176           1328            1093  
     177           1337            1106  
     178           1346            1098  
     179           1355            1129  
     180           1364            1128  
     181           1373            1135  
     182           1382            1140  
     183           1391            1148  
     184           1400            1159  
     185           1409            1180  
     186           1418            1178  
     187           1427            1186  
     188           1436            1192  
     189           1445            1192  
     190           1454            1212  
     191           1463            1214  
     192           1472            1230  
     193           1481            1224  
     194           1490            1224  
     195           1499            1246  
     196           1508            1242  
     197           1517            1252  
     198           1526            1262  
     199           1535            1275  
     200           1544            1293  
     201           1553            1282  
     202           1562            1299  
     203           1571            1315  
     204           1580            1316  
     205           1589            1313  
     206           1598            1323  
     207           1607            1334  
     208           1616            1341  
     209           1625            1346  
     210           1634            1345  
     211           1643            1356  
     212           1652            1380  
     213           1661            1366  
     214           1670            1392  
     215           1679            1401  
     216           1688            1401  
     217           1697            1419  
     218           1706            1420  
     219           1715            1436  
     220           1724            1452  
     221           1733            1444  
     222           1742            1460  
     223           1751            1468  
     224           1760            1481  
     225           1769            1475  
     226           1778            1506  
     227           1787            1492  
     228           1796            1503  
     229           1805            1500  
     230           1814            1523  
     231           1823            1524  
     232           1832            1521  
     233           1841            1551  
     234           1850            1555  
     235           1859            1560  
     236           1868            1561  
     237           1877            1568  
     238           1886            1584  
     239           1895            1596  
     240           1904            1627  
     241           1913            1609  
     242           1922            1602  
     243           1931            1614  
     244           1940            1629  
     245           1949            1633  
     246           1958            1658  
     247           1967            1639  
     248           1976            1655  
     249           1985            1673  
     250           1994            1681  
     251           2003            1689  
     252           2012            1689  
     253           2021            1711  
     254           2030            1706  
     255           2039            1719  
     256           2048            1736  
     257           2058            1741  
     258           2068            1752  
     259           2078            1754  
     260           2088            1765  
     261           2098            1760  
     262           2108            1778  
     263           2118            1770  
     264           2128            1793  
     265           2138            1811  
     266           2148            1804  
     267           2158            1823  
     268           2168            1845  
     269           2178            1845  
     270           2188            1848  
     271           2198            1840  
     272           2208            1856  
     273           2218            1873  
     274           2228            1881  
     275           2238            1896  
     276           2248            1895  
     277           2258            1899  
     278           2268            1906  
     279           2278            1924  
     280           2288            1929  
     281           2298            1946  
     282           2308            1962  
     283           2318            1955  
     284           2328            1969  
     285           2338            1955  
     286           2348            1980  
     287           2358            1990  
     288           2368            1975  
     289           2378            2004  
     290           2388            2015  
     291           2398            2019  
     292           2408            2030  
     293           2418            2038  
     294           2428            2054  
     295           2438            2051  
     296           2448            2039  
     297           2458            2048  
     298           2468            2076  
     299           2478            2091  
     300           2488            2106  
     301           2498            2107  
     302           2508            2129  
     303           2518            2132  
     304           2528            2127  
     305           2538            2139  
     306           2548            2138  
     307           2558            2161  
     308           2568            2181  
     309           2578            2175  
     310           2588            2160  
     311           2598            2184  
     312           2608            2198  
     313           2618            2228  
     314           2628            2223  
     315           2638            2231  
     316           2648            2248  
     317           2658            2253  
     318           2668            2256  
     319           2678            2255  
     320           2688            2274  
     321           2698            2278  
     322           2708            2295  
     323           2718            2284  
     324           2728            2297  
     325           2738            2317  
     326           2748            2321  
     327           2758            2330  
     328           2768            2344  
     329           2778            2340  
     330           2788            2362  
     331           2798            2374  
     332           2808            2372  
     333           2818            2376  
     334           2828            2401  
     335           2838            2395  
     336           2848            2400  
     337           2858            2423  
     338           2868            2420  
     339           2878            2442  
     340           2888            2457  
     341           2898            2452  
     342           2908            2459  
     343           2918            2444  
     344           2928            2483  
     345           2938            2486  
     346           2948            2501  
     347           2958            2510  
     348           2968            2507  
     349           2978            2499  
     350           2988            2515  
     351           2998            2547  
     352           3008            2531  
     353           3018            2551  
     354           3028            2552  
     355           3038            2560  
     356           3048            2588  
     357           3058            2603  
     358           3068            2589  
     359           3078            2605  
     360           3088            2616  
     361           3098            2637  
     362           3108            2613  
     363           3118            2643  
     364           3128            2653  
     365           3138            2643  
     366           3148            2661  
     367           3158            2662  
     368           3168            2693  
     369           3178            2679  
     370           3188            2710  
     371           3198            2706  
     372           3208            2709  
     373           3218            2735  
     374           3228            2724  
     375           3238            2740  
     376           3248            2730  
     377           3258            2763  
     378           3268            2769  
     379           3278            2761  
     380           3288            2810  
     381           3298            2791  
     382           3308            2813  
     383           3318            2805  
     384           3328            2815  
     385           3338            2828  
     386           3348            2820  
     387           3358            2847  
     388           3368            2852  
     389           3378            2831  
     390           3388            2872  
     391           3398            2859  
     392           3408            2892  
     393           3418            2920  
     394           3428            2906  
     395           3438            2905  
     396           3448            2922  
     397           3458            2929  
     398           3468            2949  
     399           3478            2961  
     400           3488            2960  
     401           3498            2966  
     402           3508            2981  
     403           3518            2973  
     404           3528            3000  
     405           3538            2997  
     406           3548            3017  
     407           3558            3010  
     408           3568            3020  
     409           3578            3033  
     410           3588            3037  
     411           3598            3056  
     412           3608            3061  
     413           3618            3093  
     414           3628            3098  
     415           3638            3103  
     416           3648            3110  
     417           3658            3132  
     418           3668            3113  
     419           3678            3140  
     420           3688            3148  
     421           3698            3159  
     422           3708            3173  
     423           3718            3180  
     424           3728            3184  
     425           3738            3200  
     426           3748            3210  
     427           3758            3209  
     428           3768            3200  
     429           3778            3203  
     430           3788            3225  
     431           3798            3258  
     432           3808            3258  
     433           3818            3255  
     434           3828            3248  
     435           3838            3271  
     436           3848            3278  
     437           3858            3293  
     438           3868            3295  
     439           3878            3305  
     440           3888            3306  
     441           3898            3331  
     442           3908            3336  
     443           3918            3340  
     444           3928            3347  
     445           3938            3371  
     446           3948            3395  
     447           3958            3368  
     448           3968            3387  
     449           3978            3400  
     450           3988            3404  
     451           3998            3429  
     452           4008            3424  
     453           4018            3443  
     454           4028            3431  
     455           4038            3456  
     456           4048            3452  
     457           4058            3486  
     458           4068            3460  
     459           4078            3481  
     460           4088            3497  
     461           4098            3510  
     462           4108            3514  
     463           4118            3528  
     464           4128            3552  
     465           4138            3563  
     466           4148            3571  
     467           4158            3551  
     468           4168            3560  
     469           4178            3581  
     470           4188            3587  
     471           4198            3580  
     472           4208            3619  
     473           4218            3602  
     474           4228            3605  
     475           4238            3623  
     476           4248            3657  
     477           4258            3645  
     478           4268            3672  
     479           4278            3665  
     480           4288            3672  
     481           4298            3670  
     482           4308            3683  
     483           4318            3698  
     484           4328            3695  
     485           4338            3724  
     486           4348            3733  
     487           4358            3740  
     488           4368            3759  
     489           4378            3759  
     490           4388            3764  
     491           4398            3750  
     492           4408            3785  
     493           4418            3794  
     494           4428            3792  
     495           4438            3812  
     496           4448            3840  
     497           4458            3811  
     498           4468            3831  
     499           4478            3860  
     500           4488            3847  
     501           4498            3889  
     502           4508            3875  
     503           4518            3884  
     504           4528            3896  
     505           4538            3895  
     506           4548            3909  
     507           4558            3913  
     508           4568            3924  
     509           4578            3947  
     510           4588            3943  
     511           4598            3953  
     512           4608            3968  
#+ -------+--------------+--------------+--------------+--------------+--------------+--------------+
