#--------------+
#  QUICK SORT  |
#--------------+
#
#+--------+-----------------------------+
#|        |           inverse           |
#| Taille | Opérations     Comparaisons |
#+ -------+--------------+--------------+
       1              0               1  
       2              1               1  
       3              1               3  
       4              2               5  
       5              2               9  
       6              3              13  
       7              3              19  
       8              4              25  
       9              4              33  
      10              5              41  
      11              5              51  
      12              6              61  
      13              6              73  
      14              7              85  
      15              7              99  
      16              8             113  
      17              8             129  
      18              9             145  
      19              9             163  
      20             10             181  
      21             10             201  
      22             11             221  
      23             11             243  
      24             12             265  
      25             12             289  
      26             13             313  
      27             13             339  
      28             14             365  
      29             14             393  
      30             15             421  
      31             15             451  
      32             16             481  
      33             16             513  
      34             17             545  
      35             17             579  
      36             18             613  
      37             18             649  
      38             19             685  
      39             19             723  
      40             20             761  
      41             20             801  
      42             21             841  
      43             21             883  
      44             22             925  
      45             22             969  
      46             23            1013  
      47             23            1059  
      48             24            1105  
      49             24            1153  
      50             25            1201  
      51             25            1251  
      52             26            1301  
      53             26            1353  
      54             27            1405  
      55             27            1459  
      56             28            1513  
      57             28            1569  
      58             29            1625  
      59             29            1683  
      60             30            1741  
      61             30            1801  
      62             31            1861  
      63             31            1923  
      64             32            1985  
      65             32            2049  
      66             33            2113  
      67             33            2179  
      68             34            2245  
      69             34            2313  
      70             35            2381  
      71             35            2451  
      72             36            2521  
      73             36            2593  
      74             37            2665  
      75             37            2739  
      76             38            2813  
      77             38            2889  
      78             39            2965  
      79             39            3043  
      80             40            3121  
      81             40            3201  
      82             41            3281  
      83             41            3363  
      84             42            3445  
      85             42            3529  
      86             43            3613  
      87             43            3699  
      88             44            3785  
      89             44            3873  
      90             45            3961  
      91             45            4051  
      92             46            4141  
      93             46            4233  
      94             47            4325  
      95             47            4419  
      96             48            4513  
      97             48            4609  
      98             49            4705  
      99             49            4803  
     100             50            4901  
     101             50            5001  
     102             51            5101  
     103             51            5203  
     104             52            5305  
     105             52            5409  
     106             53            5513  
     107             53            5619  
     108             54            5725  
     109             54            5833  
     110             55            5941  
     111             55            6051  
     112             56            6161  
     113             56            6273  
     114             57            6385  
     115             57            6499  
     116             58            6613  
     117             58            6729  
     118             59            6845  
     119             59            6963  
     120             60            7081  
     121             60            7201  
     122             61            7321  
     123             61            7443  
     124             62            7565  
     125             62            7689  
     126             63            7813  
     127             63            7939  
     128             64            8065  
     129             64            8193  
     130             65            8321  
     131             65            8451  
     132             66            8581  
     133             66            8713  
     134             67            8845  
     135             67            8979  
     136             68            9113  
     137             68            9249  
     138             69            9385  
     139             69            9523  
     140             70            9661  
     141             70            9801  
     142             71            9941  
     143             71           10083  
     144             72           10225  
     145             72           10369  
     146             73           10513  
     147             73           10659  
     148             74           10805  
     149             74           10953  
     150             75           11101  
     151             75           11251  
     152             76           11401  
     153             76           11553  
     154             77           11705  
     155             77           11859  
     156             78           12013  
     157             78           12169  
     158             79           12325  
     159             79           12483  
     160             80           12641  
     161             80           12801  
     162             81           12961  
     163             81           13123  
     164             82           13285  
     165             82           13449  
     166             83           13613  
     167             83           13779  
     168             84           13945  
     169             84           14113  
     170             85           14281  
     171             85           14451  
     172             86           14621  
     173             86           14793  
     174             87           14965  
     175             87           15139  
     176             88           15313  
     177             88           15489  
     178             89           15665  
     179             89           15843  
     180             90           16021  
     181             90           16201  
     182             91           16381  
     183             91           16563  
     184             92           16745  
     185             92           16929  
     186             93           17113  
     187             93           17299  
     188             94           17485  
     189             94           17673  
     190             95           17861  
     191             95           18051  
     192             96           18241  
     193             96           18433  
     194             97           18625  
     195             97           18819  
     196             98           19013  
     197             98           19209  
     198             99           19405  
     199             99           19603  
     200            100           19801  
     201            100           20001  
     202            101           20201  
     203            101           20403  
     204            102           20605  
     205            102           20809  
     206            103           21013  
     207            103           21219  
     208            104           21425  
     209            104           21633  
     210            105           21841  
     211            105           22051  
     212            106           22261  
     213            106           22473  
     214            107           22685  
     215            107           22899  
     216            108           23113  
     217            108           23329  
     218            109           23545  
     219            109           23763  
     220            110           23981  
     221            110           24201  
     222            111           24421  
     223            111           24643  
     224            112           24865  
     225            112           25089  
     226            113           25313  
     227            113           25539  
     228            114           25765  
     229            114           25993  
     230            115           26221  
     231            115           26451  
     232            116           26681  
     233            116           26913  
     234            117           27145  
     235            117           27379  
     236            118           27613  
     237            118           27849  
     238            119           28085  
     239            119           28323  
     240            120           28561  
     241            120           28801  
     242            121           29041  
     243            121           29283  
     244            122           29525  
     245            122           29769  
     246            123           30013  
     247            123           30259  
     248            124           30505  
     249            124           30753  
     250            125           31001  
     251            125           31251  
     252            126           31501  
     253            126           31753  
     254            127           32005  
     255            127           32259  
     256            128           32513  
     257            128           32769  
     258            129           33025  
     259            129           33283  
     260            130           33541  
     261            130           33801  
     262            131           34061  
     263            131           34323  
     264            132           34585  
     265            132           34849  
     266            133           35113  
     267            133           35379  
     268            134           35645  
     269            134           35913  
     270            135           36181  
     271            135           36451  
     272            136           36721  
     273            136           36993  
     274            137           37265  
     275            137           37539  
     276            138           37813  
     277            138           38089  
     278            139           38365  
     279            139           38643  
     280            140           38921  
     281            140           39201  
     282            141           39481  
     283            141           39763  
     284            142           40045  
     285            142           40329  
     286            143           40613  
     287            143           40899  
     288            144           41185  
     289            144           41473  
     290            145           41761  
     291            145           42051  
     292            146           42341  
     293            146           42633  
     294            147           42925  
     295            147           43219  
     296            148           43513  
     297            148           43809  
     298            149           44105  
     299            149           44403  
     300            150           44701  
     301            150           45001  
     302            151           45301  
     303            151           45603  
     304            152           45905  
     305            152           46209  
     306            153           46513  
     307            153           46819  
     308            154           47125  
     309            154           47433  
     310            155           47741  
     311            155           48051  
     312            156           48361  
     313            156           48673  
     314            157           48985  
     315            157           49299  
     316            158           49613  
     317            158           49929  
     318            159           50245  
     319            159           50563  
     320            160           50881  
     321            160           51201  
     322            161           51521  
     323            161           51843  
     324            162           52165  
     325            162           52489  
     326            163           52813  
     327            163           53139  
     328            164           53465  
     329            164           53793  
     330            165           54121  
     331            165           54451  
     332            166           54781  
     333            166           55113  
     334            167           55445  
     335            167           55779  
     336            168           56113  
     337            168           56449  
     338            169           56785  
     339            169           57123  
     340            170           57461  
     341            170           57801  
     342            171           58141  
     343            171           58483  
     344            172           58825  
     345            172           59169  
     346            173           59513  
     347            173           59859  
     348            174           60205  
     349            174           60553  
     350            175           60901  
     351            175           61251  
     352            176           61601  
     353            176           61953  
     354            177           62305  
     355            177           62659  
     356            178           63013  
     357            178           63369  
     358            179           63725  
     359            179           64083  
     360            180           64441  
     361            180           64801  
     362            181           65161  
     363            181           65523  
     364            182           65885  
     365            182           66249  
     366            183           66613  
     367            183           66979  
     368            184           67345  
     369            184           67713  
     370            185           68081  
     371            185           68451  
     372            186           68821  
     373            186           69193  
     374            187           69565  
     375            187           69939  
     376            188           70313  
     377            188           70689  
     378            189           71065  
     379            189           71443  
     380            190           71821  
     381            190           72201  
     382            191           72581  
     383            191           72963  
     384            192           73345  
     385            192           73729  
     386            193           74113  
     387            193           74499  
     388            194           74885  
     389            194           75273  
     390            195           75661  
     391            195           76051  
     392            196           76441  
     393            196           76833  
     394            197           77225  
     395            197           77619  
     396            198           78013  
     397            198           78409  
     398            199           78805  
     399            199           79203  
     400            200           79601  
     401            200           80001  
     402            201           80401  
     403            201           80803  
     404            202           81205  
     405            202           81609  
     406            203           82013  
     407            203           82419  
     408            204           82825  
     409            204           83233  
     410            205           83641  
     411            205           84051  
     412            206           84461  
     413            206           84873  
     414            207           85285  
     415            207           85699  
     416            208           86113  
     417            208           86529  
     418            209           86945  
     419            209           87363  
     420            210           87781  
     421            210           88201  
     422            211           88621  
     423            211           89043  
     424            212           89465  
     425            212           89889  
     426            213           90313  
     427            213           90739  
     428            214           91165  
     429            214           91593  
     430            215           92021  
     431            215           92451  
     432            216           92881  
     433            216           93313  
     434            217           93745  
     435            217           94179  
     436            218           94613  
     437            218           95049  
     438            219           95485  
     439            219           95923  
     440            220           96361  
     441            220           96801  
     442            221           97241  
     443            221           97683  
     444            222           98125  
     445            222           98569  
     446            223           99013  
     447            223           99459  
     448            224           99905  
     449            224          100353  
     450            225          100801  
     451            225          101251  
     452            226          101701  
     453            226          102153  
     454            227          102605  
     455            227          103059  
     456            228          103513  
     457            228          103969  
     458            229          104425  
     459            229          104883  
     460            230          105341  
     461            230          105801  
     462            231          106261  
     463            231          106723  
     464            232          107185  
     465            232          107649  
     466            233          108113  
     467            233          108579  
     468            234          109045  
     469            234          109513  
     470            235          109981  
     471            235          110451  
     472            236          110921  
     473            236          111393  
     474            237          111865  
     475            237          112339  
     476            238          112813  
     477            238          113289  
     478            239          113765  
     479            239          114243  
     480            240          114721  
     481            240          115201  
     482            241          115681  
     483            241          116163  
     484            242          116645  
     485            242          117129  
     486            243          117613  
     487            243          118099  
     488            244          118585  
     489            244          119073  
     490            245          119561  
     491            245          120051  
     492            246          120541  
     493            246          121033  
     494            247          121525  
     495            247          122019  
     496            248          122513  
     497            248          123009  
     498            249          123505  
     499            249          124003  
     500            250          124501  
     501            250          125001  
     502            251          125501  
     503            251          126003  
     504            252          126505  
     505            252          127009  
     506            253          127513  
     507            253          128019  
     508            254          128525  
     509            254          129033  
     510            255          129541  
     511            255          130051  
     512            256          130561  
#+ -------+--------------+--------------+--------------+--------------+--------------+--------------+
