#--------------+
#  TRI FUSION  |
#--------------+
#
#+--------+-----------------------------+
#|        |           aleatoire           |
#| Taille | Opérations     Comparaisons |
#+ -------+--------------+--------------+
       1              0               0  
       2              2               1  
       3              5               2  
       4              8               5  
       5             12               7  
       6             16               9  
       7             20              13  
       8             24              15  
       9             29              20  
      10             34              23  
      11             39              27  
      12             44              30  
      13             49              32  
      14             54              37  
      15             59              41  
      16             64              44  
      17             70              46  
      18             76              57  
      19             82              62  
      20             88              66  
      21             94              70  
      22            100              67  
      23            106              74  
      24            112              83  
      25            118              85  
      26            124              91  
      27            130              94  
      28            136              99  
      29            142             104  
      30            148             114  
      31            154             118  
      32            160             125  
      33            167             128  
      34            174             127  
      35            181             134  
      36            188             137  
      37            195             152  
      38            202             159  
      39            209             157  
      40            216             170  
      41            223             171  
      42            230             176  
      43            237             185  
      44            244             189  
      45            251             194  
      46            258             198  
      47            265             212  
      48            272             207  
      49            279             216  
      50            286             221  
      51            293             233  
      52            300             238  
      53            307             238  
      54            314             250  
      55            321             253  
      56            328             258  
      57            335             265  
      58            342             269  
      59            349             281  
      60            356             284  
      61            363             287  
      62            370             293  
      63            377             296  
      64            384             309  
      65            392             308  
      66            400             323  
      67            408             327  
      68            416             334  
      69            424             343  
      70            432             347  
      71            440             359  
      72            448             359  
      73            456             362  
      74            464             362  
      75            472             379  
      76            480             376  
      77            488             394  
      78            496             390  
      79            504             407  
      80            512             410  
      81            520             418  
      82            528             417  
      83            536             421  
      84            544             438  
      85            552             451  
      86            560             447  
      87            568             457  
      88            576             462  
      89            584             471  
      90            592             471  
      91            600             472  
      92            608             496  
      93            616             493  
      94            624             498  
      95            632             499  
      96            640             517  
      97            648             518  
      98            656             527  
      99            664             527  
     100            672             550  
     101            680             547  
     102            688             563  
     103            696             564  
     104            704             574  
     105            712             565  
     106            720             587  
     107            728             590  
     108            736             594  
     109            744             591  
     110            752             612  
     111            760             610  
     112            768             634  
     113            776             635  
     114            784             645  
     115            792             651  
     116            800             655  
     117            808             668  
     118            816             675  
     119            824             674  
     120            832             679  
     121            840             677  
     122            848             698  
     123            856             701  
     124            864             711  
     125            872             728  
     126            880             723  
     127            888             733  
     128            896             743  
     129            905             744  
     130            914             753  
     131            923             756  
     132            932             767  
     133            941             771  
     134            950             773  
     135            959             797  
     136            968             804  
     137            977             806  
     138            986             810  
     139            995             819  
     140           1004             825  
     141           1013             826  
     142           1022             828  
     143           1031             848  
     144           1040             851  
     145           1049             867  
     146           1058             879  
     147           1067             873  
     148           1076             887  
     149           1085             904  
     150           1094             897  
     151           1103             915  
     152           1112             911  
     153           1121             928  
     154           1130             925  
     155           1139             936  
     156           1148             944  
     157           1157             950  
     158           1166             977  
     159           1175             964  
     160           1184             977  
     161           1193             978  
     162           1202             990  
     163           1211            1003  
     164           1220            1005  
     165           1229            1005  
     166           1238            1014  
     167           1247            1015  
     168           1256            1039  
     169           1265            1051  
     170           1274            1062  
     171           1283            1061  
     172           1292            1059  
     173           1301            1076  
     174           1310            1076  
     175           1319            1080  
     176           1328            1095  
     177           1337            1119  
     178           1346            1113  
     179           1355            1118  
     180           1364            1124  
     181           1373            1140  
     182           1382            1144  
     183           1391            1144  
     184           1400            1160  
     185           1409            1176  
     186           1418            1170  
     187           1427            1178  
     188           1436            1211  
     189           1445            1197  
     190           1454            1204  
     191           1463            1210  
     192           1472            1216  
     193           1481            1229  
     194           1490            1238  
     195           1499            1235  
     196           1508            1252  
     197           1517            1255  
     198           1526            1268  
     199           1535            1277  
     200           1544            1271  
     201           1553            1283  
     202           1562            1293  
     203           1571            1303  
     204           1580            1330  
     205           1589            1310  
     206           1598            1322  
     207           1607            1348  
     208           1616            1331  
     209           1625            1351  
     210           1634            1360  
     211           1643            1364  
     212           1652            1348  
     213           1661            1396  
     214           1670            1386  
     215           1679            1397  
     216           1688            1405  
     217           1697            1418  
     218           1706            1422  
     219           1715            1430  
     220           1724            1446  
     221           1733            1444  
     222           1742            1437  
     223           1751            1463  
     224           1760            1489  
     225           1769            1476  
     226           1778            1489  
     227           1787            1498  
     228           1796            1501  
     229           1805            1494  
     230           1814            1521  
     231           1823            1527  
     232           1832            1538  
     233           1841            1555  
     234           1850            1534  
     235           1859            1560  
     236           1868            1563  
     237           1877            1590  
     238           1886            1574  
     239           1895            1591  
     240           1904            1591  
     241           1913            1606  
     242           1922            1614  
     243           1931            1626  
     244           1940            1631  
     245           1949            1637  
     246           1958            1650  
     247           1967            1654  
     248           1976            1669  
     249           1985            1665  
     250           1994            1676  
     251           2003            1691  
     252           2012            1703  
     253           2021            1702  
     254           2030            1707  
     255           2039            1718  
     256           2048            1739  
     257           2058            1714  
     258           2068            1734  
     259           2078            1756  
     260           2088            1741  
     261           2098            1770  
     262           2108            1778  
     263           2118            1776  
     264           2128            1802  
     265           2138            1794  
     266           2148            1811  
     267           2158            1813  
     268           2168            1829  
     269           2178            1833  
     270           2188            1833  
     271           2198            1845  
     272           2208            1844  
     273           2218            1857  
     274           2228            1872  
     275           2238            1887  
     276           2248            1889  
     277           2258            1909  
     278           2268            1898  
     279           2278            1918  
     280           2288            1933  
     281           2298            1924  
     282           2308            1939  
     283           2318            1959  
     284           2328            1972  
     285           2338            1986  
     286           2348            1980  
     287           2358            1987  
     288           2368            2006  
     289           2378            2018  
     290           2388            2012  
     291           2398            2051  
     292           2408            2045  
     293           2418            2051  
     294           2428            2050  
     295           2438            2066  
     296           2448            2066  
     297           2458            2048  
     298           2468            2077  
     299           2478            2076  
     300           2488            2094  
     301           2498            2118  
     302           2508            2103  
     303           2518            2118  
     304           2528            2152  
     305           2538            2149  
     306           2548            2153  
     307           2558            2172  
     308           2568            2156  
     309           2578            2178  
     310           2588            2190  
     311           2598            2194  
     312           2608            2199  
     313           2618            2200  
     314           2628            2213  
     315           2638            2235  
     316           2648            2239  
     317           2658            2228  
     318           2668            2264  
     319           2678            2257  
     320           2688            2286  
     321           2698            2286  
     322           2708            2285  
     323           2718            2269  
     324           2728            2314  
     325           2738            2296  
     326           2748            2314  
     327           2758            2331  
     328           2768            2343  
     329           2778            2332  
     330           2788            2352  
     331           2798            2364  
     332           2808            2366  
     333           2818            2387  
     334           2828            2390  
     335           2838            2391  
     336           2848            2405  
     337           2858            2439  
     338           2868            2436  
     339           2878            2446  
     340           2888            2435  
     341           2898            2440  
     342           2908            2454  
     343           2918            2458  
     344           2928            2473  
     345           2938            2483  
     346           2948            2488  
     347           2958            2498  
     348           2968            2512  
     349           2978            2508  
     350           2988            2519  
     351           2998            2526  
     352           3008            2541  
     353           3018            2570  
     354           3028            2576  
     355           3038            2555  
     356           3048            2589  
     357           3058            2579  
     358           3068            2581  
     359           3078            2606  
     360           3088            2630  
     361           3098            2626  
     362           3108            2622  
     363           3118            2639  
     364           3128            2640  
     365           3138            2658  
     366           3148            2666  
     367           3158            2679  
     368           3168            2685  
     369           3178            2688  
     370           3188            2703  
     371           3198            2710  
     372           3208            2721  
     373           3218            2728  
     374           3228            2727  
     375           3238            2741  
     376           3248            2766  
     377           3258            2765  
     378           3268            2765  
     379           3278            2784  
     380           3288            2786  
     381           3298            2805  
     382           3308            2815  
     383           3318            2816  
     384           3328            2818  
     385           3338            2847  
     386           3348            2836  
     387           3358            2861  
     388           3368            2866  
     389           3378            2856  
     390           3388            2877  
     391           3398            2861  
     392           3408            2904  
     393           3418            2899  
     394           3428            2915  
     395           3438            2919  
     396           3448            2921  
     397           3458            2921  
     398           3468            2932  
     399           3478            2957  
     400           3488            2951  
     401           3498            2995  
     402           3508            2953  
     403           3518            2985  
     404           3528            2984  
     405           3538            3005  
     406           3548            3003  
     407           3558            3009  
     408           3568            3047  
     409           3578            3014  
     410           3588            3039  
     411           3598            3071  
     412           3608            3084  
     413           3618            3080  
     414           3628            3092  
     415           3638            3110  
     416           3648            3103  
     417           3658            3120  
     418           3668            3089  
     419           3678            3114  
     420           3688            3143  
     421           3698            3146  
     422           3708            3147  
     423           3718            3173  
     424           3728            3187  
     425           3738            3197  
     426           3748            3198  
     427           3758            3204  
     428           3768            3187  
     429           3778            3214  
     430           3788            3241  
     431           3798            3251  
     432           3808            3244  
     433           3818            3255  
     434           3828            3269  
     435           3838            3271  
     436           3848            3281  
     437           3858            3283  
     438           3868            3298  
     439           3878            3293  
     440           3888            3292  
     441           3898            3331  
     442           3908            3316  
     443           3918            3334  
     444           3928            3360  
     445           3938            3356  
     446           3948            3376  
     447           3958            3397  
     448           3968            3405  
     449           3978            3399  
     450           3988            3408  
     451           3998            3411  
     452           4008            3417  
     453           4018            3448  
     454           4028            3450  
     455           4038            3433  
     456           4048            3451  
     457           4058            3485  
     458           4068            3471  
     459           4078            3508  
     460           4088            3480  
     461           4098            3522  
     462           4108            3512  
     463           4118            3516  
     464           4128            3532  
     465           4138            3531  
     466           4148            3560  
     467           4158            3556  
     468           4168            3566  
     469           4178            3583  
     470           4188            3579  
     471           4198            3590  
     472           4208            3594  
     473           4218            3628  
     474           4228            3620  
     475           4238            3621  
     476           4248            3666  
     477           4258            3651  
     478           4268            3645  
     479           4278            3644  
     480           4288            3665  
     481           4298            3682  
     482           4308            3710  
     483           4318            3717  
     484           4328            3682  
     485           4338            3726  
     486           4348            3734  
     487           4358            3738  
     488           4368            3744  
     489           4378            3764  
     490           4388            3761  
     491           4398            3786  
     492           4408            3811  
     493           4418            3803  
     494           4428            3828  
     495           4438            3807  
     496           4448            3806  
     497           4458            3856  
     498           4468            3836  
     499           4478            3861  
     500           4488            3868  
     501           4498            3879  
     502           4508            3877  
     503           4518            3880  
     504           4528            3898  
     505           4538            3897  
     506           4548            3905  
     507           4558            3916  
     508           4568            3924  
     509           4578            3940  
     510           4588            3934  
     511           4598            3985  
     512           4608            3951  
#+ -------+--------------+--------------+--------------+--------------+--------------+--------------+
