#--------------+
#  TRI FUSION  |
#--------------+
#
#+--------+-----------------------------+
#|        |           ordonne           |
#| Taille | Opérations     Comparaisons |
#+ -------+--------------+--------------+
       1              0               0  
       2              2               1  
       3              5               2  
       4              8               4  
       5             12               5  
       6             16               7  
       7             20               9  
       8             24              12  
       9             29              13  
      10             34              15  
      11             39              17  
      12             44              20  
      13             49              22  
      14             54              25  
      15             59              28  
      16             64              32  
      17             70              33  
      18             76              35  
      19             82              37  
      20             88              40  
      21             94              42  
      22            100              45  
      23            106              48  
      24            112              52  
      25            118              54  
      26            124              57  
      27            130              60  
      28            136              64  
      29            142              67  
      30            148              71  
      31            154              75  
      32            160              80  
      33            167              81  
      34            174              83  
      35            181              85  
      36            188              88  
      37            195              90  
      38            202              93  
      39            209              96  
      40            216             100  
      41            223             102  
      42            230             105  
      43            237             108  
      44            244             112  
      45            251             115  
      46            258             119  
      47            265             123  
      48            272             128  
      49            279             130  
      50            286             133  
      51            293             136  
      52            300             140  
      53            307             143  
      54            314             147  
      55            321             151  
      56            328             156  
      57            335             159  
      58            342             163  
      59            349             167  
      60            356             172  
      61            363             176  
      62            370             181  
      63            377             186  
      64            384             192  
      65            392             193  
      66            400             195  
      67            408             197  
      68            416             200  
      69            424             202  
      70            432             205  
      71            440             208  
      72            448             212  
      73            456             214  
      74            464             217  
      75            472             220  
      76            480             224  
      77            488             227  
      78            496             231  
      79            504             235  
      80            512             240  
      81            520             242  
      82            528             245  
      83            536             248  
      84            544             252  
      85            552             255  
      86            560             259  
      87            568             263  
      88            576             268  
      89            584             271  
      90            592             275  
      91            600             279  
      92            608             284  
      93            616             288  
      94            624             293  
      95            632             298  
      96            640             304  
      97            648             306  
      98            656             309  
      99            664             312  
     100            672             316  
     101            680             319  
     102            688             323  
     103            696             327  
     104            704             332  
     105            712             335  
     106            720             339  
     107            728             343  
     108            736             348  
     109            744             352  
     110            752             357  
     111            760             362  
     112            768             368  
     113            776             371  
     114            784             375  
     115            792             379  
     116            800             384  
     117            808             388  
     118            816             393  
     119            824             398  
     120            832             404  
     121            840             408  
     122            848             413  
     123            856             418  
     124            864             424  
     125            872             429  
     126            880             435  
     127            888             441  
     128            896             448  
     129            905             449  
     130            914             451  
     131            923             453  
     132            932             456  
     133            941             458  
     134            950             461  
     135            959             464  
     136            968             468  
     137            977             470  
     138            986             473  
     139            995             476  
     140           1004             480  
     141           1013             483  
     142           1022             487  
     143           1031             491  
     144           1040             496  
     145           1049             498  
     146           1058             501  
     147           1067             504  
     148           1076             508  
     149           1085             511  
     150           1094             515  
     151           1103             519  
     152           1112             524  
     153           1121             527  
     154           1130             531  
     155           1139             535  
     156           1148             540  
     157           1157             544  
     158           1166             549  
     159           1175             554  
     160           1184             560  
     161           1193             562  
     162           1202             565  
     163           1211             568  
     164           1220             572  
     165           1229             575  
     166           1238             579  
     167           1247             583  
     168           1256             588  
     169           1265             591  
     170           1274             595  
     171           1283             599  
     172           1292             604  
     173           1301             608  
     174           1310             613  
     175           1319             618  
     176           1328             624  
     177           1337             627  
     178           1346             631  
     179           1355             635  
     180           1364             640  
     181           1373             644  
     182           1382             649  
     183           1391             654  
     184           1400             660  
     185           1409             664  
     186           1418             669  
     187           1427             674  
     188           1436             680  
     189           1445             685  
     190           1454             691  
     191           1463             697  
     192           1472             704  
     193           1481             706  
     194           1490             709  
     195           1499             712  
     196           1508             716  
     197           1517             719  
     198           1526             723  
     199           1535             727  
     200           1544             732  
     201           1553             735  
     202           1562             739  
     203           1571             743  
     204           1580             748  
     205           1589             752  
     206           1598             757  
     207           1607             762  
     208           1616             768  
     209           1625             771  
     210           1634             775  
     211           1643             779  
     212           1652             784  
     213           1661             788  
     214           1670             793  
     215           1679             798  
     216           1688             804  
     217           1697             808  
     218           1706             813  
     219           1715             818  
     220           1724             824  
     221           1733             829  
     222           1742             835  
     223           1751             841  
     224           1760             848  
     225           1769             851  
     226           1778             855  
     227           1787             859  
     228           1796             864  
     229           1805             868  
     230           1814             873  
     231           1823             878  
     232           1832             884  
     233           1841             888  
     234           1850             893  
     235           1859             898  
     236           1868             904  
     237           1877             909  
     238           1886             915  
     239           1895             921  
     240           1904             928  
     241           1913             932  
     242           1922             937  
     243           1931             942  
     244           1940             948  
     245           1949             953  
     246           1958             959  
     247           1967             965  
     248           1976             972  
     249           1985             977  
     250           1994             983  
     251           2003             989  
     252           2012             996  
     253           2021            1002  
     254           2030            1009  
     255           2039            1016  
     256           2048            1024  
     257           2058            1025  
     258           2068            1027  
     259           2078            1029  
     260           2088            1032  
     261           2098            1034  
     262           2108            1037  
     263           2118            1040  
     264           2128            1044  
     265           2138            1046  
     266           2148            1049  
     267           2158            1052  
     268           2168            1056  
     269           2178            1059  
     270           2188            1063  
     271           2198            1067  
     272           2208            1072  
     273           2218            1074  
     274           2228            1077  
     275           2238            1080  
     276           2248            1084  
     277           2258            1087  
     278           2268            1091  
     279           2278            1095  
     280           2288            1100  
     281           2298            1103  
     282           2308            1107  
     283           2318            1111  
     284           2328            1116  
     285           2338            1120  
     286           2348            1125  
     287           2358            1130  
     288           2368            1136  
     289           2378            1138  
     290           2388            1141  
     291           2398            1144  
     292           2408            1148  
     293           2418            1151  
     294           2428            1155  
     295           2438            1159  
     296           2448            1164  
     297           2458            1167  
     298           2468            1171  
     299           2478            1175  
     300           2488            1180  
     301           2498            1184  
     302           2508            1189  
     303           2518            1194  
     304           2528            1200  
     305           2538            1203  
     306           2548            1207  
     307           2558            1211  
     308           2568            1216  
     309           2578            1220  
     310           2588            1225  
     311           2598            1230  
     312           2608            1236  
     313           2618            1240  
     314           2628            1245  
     315           2638            1250  
     316           2648            1256  
     317           2658            1261  
     318           2668            1267  
     319           2678            1273  
     320           2688            1280  
     321           2698            1282  
     322           2708            1285  
     323           2718            1288  
     324           2728            1292  
     325           2738            1295  
     326           2748            1299  
     327           2758            1303  
     328           2768            1308  
     329           2778            1311  
     330           2788            1315  
     331           2798            1319  
     332           2808            1324  
     333           2818            1328  
     334           2828            1333  
     335           2838            1338  
     336           2848            1344  
     337           2858            1347  
     338           2868            1351  
     339           2878            1355  
     340           2888            1360  
     341           2898            1364  
     342           2908            1369  
     343           2918            1374  
     344           2928            1380  
     345           2938            1384  
     346           2948            1389  
     347           2958            1394  
     348           2968            1400  
     349           2978            1405  
     350           2988            1411  
     351           2998            1417  
     352           3008            1424  
     353           3018            1427  
     354           3028            1431  
     355           3038            1435  
     356           3048            1440  
     357           3058            1444  
     358           3068            1449  
     359           3078            1454  
     360           3088            1460  
     361           3098            1464  
     362           3108            1469  
     363           3118            1474  
     364           3128            1480  
     365           3138            1485  
     366           3148            1491  
     367           3158            1497  
     368           3168            1504  
     369           3178            1508  
     370           3188            1513  
     371           3198            1518  
     372           3208            1524  
     373           3218            1529  
     374           3228            1535  
     375           3238            1541  
     376           3248            1548  
     377           3258            1553  
     378           3268            1559  
     379           3278            1565  
     380           3288            1572  
     381           3298            1578  
     382           3308            1585  
     383           3318            1592  
     384           3328            1600  
     385           3338            1602  
     386           3348            1605  
     387           3358            1608  
     388           3368            1612  
     389           3378            1615  
     390           3388            1619  
     391           3398            1623  
     392           3408            1628  
     393           3418            1631  
     394           3428            1635  
     395           3438            1639  
     396           3448            1644  
     397           3458            1648  
     398           3468            1653  
     399           3478            1658  
     400           3488            1664  
     401           3498            1667  
     402           3508            1671  
     403           3518            1675  
     404           3528            1680  
     405           3538            1684  
     406           3548            1689  
     407           3558            1694  
     408           3568            1700  
     409           3578            1704  
     410           3588            1709  
     411           3598            1714  
     412           3608            1720  
     413           3618            1725  
     414           3628            1731  
     415           3638            1737  
     416           3648            1744  
     417           3658            1747  
     418           3668            1751  
     419           3678            1755  
     420           3688            1760  
     421           3698            1764  
     422           3708            1769  
     423           3718            1774  
     424           3728            1780  
     425           3738            1784  
     426           3748            1789  
     427           3758            1794  
     428           3768            1800  
     429           3778            1805  
     430           3788            1811  
     431           3798            1817  
     432           3808            1824  
     433           3818            1828  
     434           3828            1833  
     435           3838            1838  
     436           3848            1844  
     437           3858            1849  
     438           3868            1855  
     439           3878            1861  
     440           3888            1868  
     441           3898            1873  
     442           3908            1879  
     443           3918            1885  
     444           3928            1892  
     445           3938            1898  
     446           3948            1905  
     447           3958            1912  
     448           3968            1920  
     449           3978            1923  
     450           3988            1927  
     451           3998            1931  
     452           4008            1936  
     453           4018            1940  
     454           4028            1945  
     455           4038            1950  
     456           4048            1956  
     457           4058            1960  
     458           4068            1965  
     459           4078            1970  
     460           4088            1976  
     461           4098            1981  
     462           4108            1987  
     463           4118            1993  
     464           4128            2000  
     465           4138            2004  
     466           4148            2009  
     467           4158            2014  
     468           4168            2020  
     469           4178            2025  
     470           4188            2031  
     471           4198            2037  
     472           4208            2044  
     473           4218            2049  
     474           4228            2055  
     475           4238            2061  
     476           4248            2068  
     477           4258            2074  
     478           4268            2081  
     479           4278            2088  
     480           4288            2096  
     481           4298            2100  
     482           4308            2105  
     483           4318            2110  
     484           4328            2116  
     485           4338            2121  
     486           4348            2127  
     487           4358            2133  
     488           4368            2140  
     489           4378            2145  
     490           4388            2151  
     491           4398            2157  
     492           4408            2164  
     493           4418            2170  
     494           4428            2177  
     495           4438            2184  
     496           4448            2192  
     497           4458            2197  
     498           4468            2203  
     499           4478            2209  
     500           4488            2216  
     501           4498            2222  
     502           4508            2229  
     503           4518            2236  
     504           4528            2244  
     505           4538            2250  
     506           4548            2257  
     507           4558            2264  
     508           4568            2272  
     509           4578            2279  
     510           4588            2287  
     511           4598            2295  
     512           4608            2304  
#+ -------+--------------+--------------+--------------+--------------+--------------+--------------+
